// MilkShape 3D ASCII

Block: 1
Floor: 1

Frames: 30
Frame: 1

Meshes: 1
"Box01" 1 0
36
1 -1.500000 6.000000 1.500000 0.000000 0.000000 -1
1 -1.500000 3.000000 1.500000 0.000000 0.500000 -1
1 0.000000 6.000000 1.500000 0.500000 0.000000 -1
1 -1.500000 0.000000 1.500000 0.000000 1.000000 -1
1 0.000000 0.000000 1.500000 0.500000 1.000000 -1
1 0.000000 3.000000 1.500000 0.500000 0.500000 -1
1 1.500000 6.000000 1.500000 0.000000 0.000000 -1
1 1.500000 3.000000 1.500000 0.000000 0.500000 -1
1 1.500000 6.000000 0.000000 0.500000 0.000000 -1
1 1.500000 0.000000 1.500000 0.000000 1.000000 -1
1 1.500000 0.000000 0.000000 0.500000 1.000000 -1
1 1.500000 3.000000 0.000000 0.500000 0.500000 -1
1 1.500000 6.000000 -1.500000 0.000000 0.000000 -1
1 1.500000 3.000000 -1.500000 0.000000 0.500000 -1
1 0.000000 6.000000 -1.500000 0.500000 0.000000 -1
1 1.500000 0.000000 -1.500000 0.000000 1.000000 -1
1 0.000000 0.000000 -1.500000 0.500000 1.000000 -1
1 0.000000 3.000000 -1.500000 0.500000 0.500000 -1
1 -1.500000 6.000000 -1.500000 0.000000 0.000000 -1
1 -1.500000 3.000000 -1.500000 0.000000 0.500000 -1
1 -1.500000 6.000000 0.000000 0.500000 0.000000 -1
1 -1.500000 0.000000 -1.500000 0.000000 1.000000 -1
1 -1.500000 0.000000 0.000000 0.500000 1.000000 -1
1 -1.500000 3.000000 0.000000 0.500000 0.500000 -1
1 1.500000 6.000000 1.500000 1.000000 0.000000 -1
1 1.500000 3.000000 1.500000 1.000000 0.500000 -1
1 1.500000 0.000000 1.500000 1.000000 1.000000 -1
1 1.500000 6.000000 -1.500000 1.000000 0.000000 -1
1 1.500000 3.000000 -1.500000 1.000000 0.500000 -1
1 1.500000 0.000000 -1.500000 1.000000 1.000000 -1
1 -1.500000 6.000000 -1.500000 1.000000 0.000000 -1
1 -1.500000 3.000000 -1.500000 1.000000 0.500000 -1
1 -1.500000 0.000000 -1.500000 1.000000 1.000000 -1
1 -1.500000 6.000000 1.500000 1.000000 0.000000 -1
1 -1.500000 3.000000 1.500000 1.000000 0.500000 -1
1 -1.500000 0.000000 1.500000 1.000000 1.000000 -1
4
0.000000 0.000000 1.000000
1.000000 0.000000 0.000000
0.000000 0.000000 -1.000000
-1.000000 0.000000 0.000000
32
1 0 1 2 0 0 0 1
1 3 4 5 0 0 0 1
1 6 7 8 1 1 1 2
1 9 10 11 1 1 1 2
1 12 13 14 2 2 2 1
1 15 16 17 2 2 2 1
1 18 19 20 3 3 3 2
1 21 22 23 3 3 3 2
1 24 2 5 0 0 0 1
1 3 5 1 0 0 0 1
1 1 5 2 0 0 0 1
1 24 5 25 0 0 0 1
1 26 25 4 0 0 0 1
1 4 25 5 0 0 0 1
1 27 8 11 1 1 1 2
1 9 11 7 1 1 1 2
1 7 11 8 1 1 1 2
1 27 11 28 1 1 1 2
1 29 28 10 1 1 1 2
1 10 28 11 1 1 1 2
1 30 14 17 2 2 2 1
1 15 17 13 2 2 2 1
1 13 17 14 2 2 2 1
1 30 17 31 2 2 2 1
1 32 31 16 2 2 2 1
1 16 31 17 2 2 2 1
1 33 20 23 3 3 3 2
1 21 23 19 3 3 3 2
1 19 23 20 3 3 3 2
1 33 23 34 3 3 3 2
1 35 34 22 3 3 3 2
1 22 34 23 3 3 3 2

Materials: 1
"Material01"
0.200000 0.200000 0.200000 1.000000
0.800000 0.800000 0.800000 1.000000
0.000000 0.000000 0.000000 1.000000
0.000000 0.000000 0.000000 1.000000
0.000000
1.000000
"wall01.bmp"
""

Bones: 0
GroupComments: 0
MaterialComments: 0
BoneComments: 0
ModelComment: 0
