// MilkShape 3D ASCII

Block: 0
Floor: 0

Frames: 30
Frame: 1

Meshes: 2
"comp" 0 0
171
1 -0.714150 3.029272 1.318079 0.982433 0.512443 -1
1 0.711827 3.029272 1.318079 0.982433 0.003909 -1
1 0.711826 3.268657 0.859849 0.766160 0.003909 -1
1 -0.714150 3.268657 0.859849 0.766160 0.512443 -1
1 -0.714150 2.962666 1.290758 0.513298 0.784288 -1
1 -0.714150 3.029272 1.318079 0.505422 0.765083 -1
1 -0.714150 3.268657 0.859849 0.637545 0.696060 -1
1 -0.714150 3.202051 0.832536 0.645422 0.715265 -1
1 0.711827 3.029272 1.318079 0.505422 0.765083 -1
1 0.711827 2.962667 1.290758 0.513298 0.784288 -1
1 0.711826 3.202052 0.832536 0.645422 0.715265 -1
1 0.711826 3.268657 0.859849 0.637545 0.696060 -1
1 -0.714150 2.962666 1.290758 0.554625 0.640252 -1
1 0.711827 2.962667 1.290758 0.222124 0.640252 -1
1 0.711827 3.029272 1.318079 0.222124 0.633882 -1
1 -0.714150 3.029272 1.318079 0.554625 0.633882 -1
1 -0.714150 3.268657 0.859849 0.554625 0.740728 -1
1 0.711826 3.268657 0.859849 0.222124 0.740728 -1
1 0.711826 3.202052 0.832536 0.222124 0.747097 -1
1 -0.714150 3.202051 0.832536 0.554625 0.747097 -1
1 -0.222544 3.023805 1.052015 0.299812 0.697986 -1
1 -0.714150 2.962666 1.290758 0.414676 0.547235 -1
1 -0.714150 3.202051 0.832536 0.414676 0.836574 -1
1 -0.222544 3.093571 0.881906 0.299812 0.805397 -1
1 0.220221 3.023805 1.052011 0.196362 0.697986 -1
1 0.711827 2.962667 1.290758 0.081498 0.547236 -1
1 0.220221 3.093571 0.881906 0.196362 0.805397 -1
1 0.711826 3.202052 0.832536 0.081498 0.836574 -1
1 -0.222544 2.991479 0.357011 0.323212 0.674210 -1
1 -0.222544 3.023805 1.052015 0.557458 0.685105 -1
1 -0.222544 3.093571 0.881906 0.500124 0.708619 -1
1 -0.222544 3.163335 0.331674 0.314672 0.732133 -1
1 0.220221 2.991479 0.357011 0.323211 0.674210 -1
1 0.220221 3.023805 1.052011 0.557458 0.685105 -1
1 0.220220 3.163336 0.331674 0.314672 0.732133 -1
1 0.220221 3.093571 0.881906 0.500124 0.708619 -1
1 -0.222544 3.163335 0.331674 0.783703 0.735323 -1
1 -0.222544 3.093571 0.881906 0.783703 0.986134 -1
1 0.220221 3.093571 0.881906 0.985527 0.986134 -1
1 0.220220 3.163336 0.331674 0.985527 0.735322 -1
1 -0.222544 2.904322 0.050134 0.219781 0.644834 -1
1 -0.222544 3.178053 0.092447 0.230535 0.726575 -1
1 0.220221 2.904322 0.050134 0.219781 0.644834 -1
1 0.220220 3.178053 0.092447 0.230535 0.726575 -1
1 0.370057 3.398425 -0.471518 0.226265 0.508046 -1
1 0.428130 3.398425 -0.254790 0.172445 0.508046 -1
1 0.428130 0.590595 -0.254798 0.172445 0.909716 -1
1 0.370057 0.590595 -0.471518 0.226265 0.909716 -1
1 0.370057 3.398425 -0.471518 0.971157 0.566827 -1
1 -0.005326 3.398425 -0.254790 0.886278 0.615832 -1
1 0.428130 3.398425 -0.254790 0.984288 0.615832 -1
1 0.211402 3.398425 -0.630179 0.280084 0.508046 -1
1 0.211402 0.590595 -0.630179 0.280084 0.909716 -1
1 0.211402 3.398425 -0.630179 0.935283 0.530953 -1
1 -0.005326 3.398425 -0.688246 0.333903 0.508046 -1
1 -0.005326 0.590595 -0.688246 0.333903 0.909716 -1
1 -0.005326 3.398425 -0.688246 0.886278 0.517822 -1
1 -0.222054 3.398425 -0.630179 0.387722 0.508046 -1
1 -0.222054 0.590595 -0.630179 0.387722 0.909716 -1
1 -0.222054 3.398425 -0.630179 0.837273 0.530953 -1
1 -0.380709 3.398425 -0.471518 0.441542 0.508046 -1
1 -0.380709 0.590595 -0.471518 0.441542 0.909716 -1
1 -0.380709 3.398425 -0.471518 0.801399 0.566827 -1
1 -0.438781 3.398425 -0.254790 0.495361 0.508046 -1
1 -0.438781 0.590595 -0.254798 0.495361 0.909716 -1
1 -0.438781 3.398425 -0.254790 0.788268 0.615832 -1
1 -0.380709 3.398425 -0.038069 0.549180 0.508046 -1
1 -0.380709 0.590595 -0.038069 0.549180 0.909716 -1
1 -0.380709 3.398425 -0.038069 0.801399 0.664837 -1
1 -0.222054 3.398425 0.120591 0.602999 0.508046 -1
1 -0.222054 0.590595 0.120591 0.602999 0.909716 -1
1 -0.222054 3.398425 0.120591 0.837273 0.700712 -1
1 -0.005326 3.398425 0.178659 0.656819 0.508046 -1
1 -0.005326 0.590595 0.178659 0.656819 0.909716 -1
1 -0.005326 3.398425 0.178659 0.886278 0.713842 -1
1 0.211402 3.398425 0.120591 0.064807 0.508046 -1
1 -0.005326 3.398425 0.178659 0.010988 0.508046 -1
1 -0.005326 0.590595 0.178659 0.010988 0.909716 -1
1 0.211402 0.590595 0.120591 0.064807 0.909716 -1
1 0.211402 3.398425 0.120591 0.935283 0.700712 -1
1 0.370057 3.398425 -0.038069 0.118626 0.508046 -1
1 0.370057 0.590595 -0.038069 0.118626 0.909716 -1
1 0.370057 3.398425 -0.038069 0.971157 0.664837 -1
1 0.649530 0.356220 -0.632872 0.226265 0.943245 -1
1 0.750837 0.356220 -0.254798 0.172445 0.943245 -1
1 0.372755 0.356220 -0.909652 0.280084 0.943245 -1
1 -0.005326 0.356220 -1.010955 0.333903 0.943245 -1
1 -0.383408 0.356220 -0.909652 0.387722 0.943245 -1
1 -0.660182 0.356220 -0.632872 0.441542 0.943245 -1
1 -0.761489 0.356220 -0.254798 0.495361 0.943245 -1
1 -0.660182 0.356220 0.123285 0.549180 0.943245 -1
1 -0.383407 0.356220 0.400064 0.602999 0.943245 -1
1 -0.005326 0.356220 0.501367 0.656819 0.943245 -1
1 0.372755 0.356220 0.400064 0.064807 0.943245 -1
1 -0.005326 0.356220 0.501367 0.010988 0.943245 -1
1 0.649530 0.356220 0.123285 0.118626 0.943245 -1
1 0.649530 0.012470 -0.632872 0.226265 0.992419 -1
1 0.750837 0.012470 -0.254798 0.172445 0.992419 -1
1 0.372755 0.012470 -0.909652 0.280084 0.992419 -1
1 -0.005326 0.012470 -1.010955 0.333903 0.992419 -1
1 -0.383408 0.012470 -0.909652 0.387722 0.992419 -1
1 -0.660182 0.012470 -0.632872 0.441542 0.992419 -1
1 -0.761489 0.012470 -0.254798 0.495361 0.992419 -1
1 -0.660182 0.012470 0.123285 0.549180 0.992419 -1
1 -0.383407 0.012470 0.400064 0.602999 0.992419 -1
1 -0.005326 0.012470 0.501367 0.656819 0.992419 -1
1 0.372755 0.012470 0.400064 0.064807 0.992419 -1
1 -0.005326 0.012470 0.501367 0.010988 0.992419 -1
1 0.649530 0.012470 0.123285 0.118626 0.992419 -1
1 0.711826 4.662458 0.495439 0.773711 0.668842 -1
1 0.711826 4.650328 0.566400 0.749251 0.669141 -1
1 0.711826 3.729821 0.409059 0.753127 0.986432 -1
1 0.711826 3.741951 0.338098 0.777587 0.986133 -1
1 -0.714150 4.650328 0.566400 0.749251 0.669141 -1
1 -0.714150 4.662458 0.495439 0.773711 0.668842 -1
1 -0.714150 3.741951 0.338098 0.777587 0.986133 -1
1 -0.714150 3.729821 0.409059 0.753127 0.986432 -1
1 0.711826 4.662458 0.495439 0.751744 0.679886 -1
1 -0.714150 4.662458 0.495439 0.751744 0.987193 -1
1 -0.714150 4.650328 0.566400 0.767036 0.987193 -1
1 0.711826 4.650328 0.566400 0.767036 0.679886 -1
1 0.711826 3.729821 0.409059 0.770214 0.676363 -1
1 -0.714150 3.729821 0.409059 0.770214 0.983670 -1
1 -0.714150 3.741951 0.338098 0.754922 0.983670 -1
1 0.711826 3.741951 0.338098 0.754922 0.676363 -1
1 0.220221 4.292819 0.432260 0.494387 0.710936 -1
1 0.711826 4.662458 0.495439 0.492830 0.583525 -1
1 0.711826 3.741951 0.338098 0.496707 0.900816 -1
1 0.220221 4.111589 0.401277 0.495150 0.773405 -1
1 -0.222544 4.292819 0.432260 0.494387 0.710936 -1
1 -0.714150 4.662458 0.495439 0.492830 0.583525 -1
1 -0.222544 4.111589 0.401277 0.495150 0.773405 -1
1 -0.714150 3.741951 0.338098 0.496707 0.900816 -1
1 0.220221 3.578527 0.090654 0.748332 0.904724 -1
1 0.220221 4.292819 0.432260 0.748332 0.722671 -1
1 0.220221 4.111589 0.401277 0.748332 0.768861 -1
1 0.220221 3.465971 0.222970 0.708261 0.838855 -1
1 0.220221 3.578527 0.090654 0.745033 0.841822 -1
1 0.220221 4.111589 0.401277 0.738117 0.729153 -1
1 -0.222544 3.578527 0.090654 0.405914 0.854715 -1
1 -0.222544 4.292819 0.432260 0.405914 0.672662 -1
1 0.220221 4.292819 0.432260 0.518763 0.672662 -1
1 0.220221 3.578527 0.090654 0.518763 0.854715 -1
1 -0.222544 3.465971 0.222970 0.708261 0.838855 -1
1 -0.222544 4.111589 0.401277 0.738117 0.729153 -1
1 -0.222544 4.292819 0.432260 0.771197 0.669238 -1
1 -0.222544 3.578527 0.090654 0.745033 0.841822 -1
1 0.220221 3.465971 0.222970 0.983927 0.881869 -1
1 0.220221 4.111589 0.401277 0.983927 0.596537 -1
1 -0.222544 4.111589 0.401277 0.784899 0.596537 -1
1 -0.222544 3.465971 0.222970 0.784899 0.881869 -1
1 0.220221 3.338143 -0.516623 0.759810 0.983137 -1
1 0.220221 3.336694 -0.050971 0.703690 0.913429 -1
1 -0.222544 3.338143 -0.516623 0.405914 0.957918 -1
1 -0.222544 3.578527 0.090654 0.405914 0.896651 -1
1 0.220221 3.578527 0.090654 0.518763 0.896651 -1
1 0.220221 3.338143 -0.516623 0.518763 0.957918 -1
1 -0.222544 3.336694 -0.050971 0.703690 0.913429 -1
1 -0.222544 3.338143 -0.516623 0.759810 0.983137 -1
1 0.220221 3.336694 -0.050971 0.416736 0.927427 -1
1 0.220221 3.465971 0.222970 0.421307 0.852853 -1
1 -0.222544 3.465971 0.222970 0.421307 0.852853 -1
1 -0.222544 3.336694 -0.050971 0.416736 0.927427 -1
1 -0.620400 4.557918 0.550607 0.053440 0.040936 -1
1 -0.714150 4.650328 0.566400 0.001997 -0.000746 -1
1 -0.714150 3.729821 0.409059 0.001997 0.493935 -1
1 -0.620400 3.822231 0.424852 0.053440 0.420337 -1
1 0.618076 4.557918 0.550607 0.697894 0.040936 -1
1 0.711826 4.650328 0.566400 0.744018 -0.000746 -1
1 0.618076 3.822231 0.424852 0.697894 0.420337 -1
1 0.711826 3.729821 0.409059 0.744018 0.493935 -1
110
0.000000 0.886340 0.463035
0.000000 0.886340 0.463035
-1.000000 0.000000 0.000000
1.000000 0.000001 -0.000002
1.000000 0.000001 -0.000002
1.000000 0.000001 -0.000002
0.000000 -0.379506 0.925189
0.000000 -0.379508 0.925188
0.000000 -0.379503 0.925190
-0.000000 0.379410 -0.925229
0.000000 0.379413 -0.925228
-0.000000 0.379407 -0.925230
-0.093206 -0.927001 -0.363293
-0.038246 -0.946279 -0.321081
-0.098223 -0.780785 -0.617031
-0.058373 -0.620457 -0.782065
0.023080 -0.956033 -0.292349
0.072627 -0.928632 -0.363823
0.076552 -0.782766 -0.617590
0.051747 -0.598376 -0.799543
-0.709189 -0.690947 0.140154
-0.447213 -0.893461 0.041557
-0.948683 0.315631 0.019418
0.709191 -0.699683 0.086552
0.894427 -0.446731 0.020777
0.832049 0.553655 0.034060
1.000000 -0.000007 -0.000003
-0.000001 0.992058 0.125784
0.000000 0.992058 0.125783
-0.000002 0.992058 0.125785
-0.894427 -0.430199 0.122182
-0.447214 0.892739 0.054922
0.447214 -0.860398 0.244364
0.894425 0.446373 0.027460
0.907073 0.000000 -0.420974
0.996035 0.000000 0.088966
0.885574 0.457713 -0.079101
0.727386 0.457711 -0.511282
0.000000 1.000000 0.000000
0.575066 0.000000 -0.818107
0.374282 0.457714 -0.806480
0.088954 0.000000 -0.996036
-0.079091 0.457712 -0.885576
-0.420966 0.000000 -0.907076
-0.511290 0.457714 -0.727379
-0.818118 0.000000 -0.575051
-0.806480 0.457712 -0.374286
-0.996035 0.000000 -0.088963
-0.885575 0.457713 0.079095
-0.907074 -0.000000 0.420971
-0.727388 0.457712 0.511280
-0.575065 0.000000 0.818108
-0.374283 0.457714 0.806480
-0.258802 0.000000 0.965930
-0.231549 0.446672 0.864216
0.420968 0.000000 0.907076
0.258802 0.000000 0.965931
0.231551 0.446671 0.864216
0.511289 0.457714 0.727380
0.818115 0.000000 0.575055
0.806480 0.457712 0.374287
0.759305 0.459061 -0.461215
0.888185 0.459061 -0.019775
0.426969 0.459062 -0.779076
-0.019773 0.459061 -0.888185
-0.461215 0.459062 -0.759304
-0.779078 0.459061 -0.426967
-0.888184 0.459062 0.019769
-0.759306 0.459061 0.461212
-0.426969 0.459062 0.779076
-0.209437 0.587483 0.781665
0.461215 0.459062 0.759305
0.247393 0.293742 0.923316
0.779079 0.459061 0.426966
0.907072 0.000000 -0.420975
0.996035 0.000000 0.088960
0.575064 0.000000 -0.818108
0.088959 0.000000 -0.996035
-0.420971 0.000000 -0.907074
-0.818114 0.000000 -0.575057
-0.996035 0.000000 -0.088966
-0.907074 0.000000 0.420972
-0.575063 0.000000 0.818109
-0.258811 0.000000 0.965928
0.420971 0.000000 0.907074
0.258811 0.000000 0.965928
0.818113 0.000000 0.575057
1.000000 0.000000 0.000000
0.000000 0.985703 0.168492
0.000000 -0.985702 -0.168495
0.000008 0.168493 -0.985703
-0.000002 0.168480 -0.985705
0.000008 0.168493 -0.985703
0.000010 0.168490 -0.985703
0.000010 0.168490 -0.985703
0.000008 0.168493 -0.985703
0.000008 0.168493 -0.985703
-0.000002 0.168480 -0.985705
0.000000 0.431443 -0.902140
0.000000 -0.266214 0.963914
0.000000 0.929805 -0.368053
0.000000 -0.904356 0.426779
0.000003 -0.168479 0.985705
-0.000009 -0.168468 0.985707
0.000003 -0.168478 0.985705
0.000011 -0.168470 0.985707
0.000011 -0.168470 0.985707
0.000002 -0.168479 0.985705
0.000002 -0.168478 0.985705
-0.000009 -0.168467 0.985707
158
1 0 1 2 0 1 0 1
1 3 0 2 0 0 0 1
1 4 5 6 2 2 2 1
1 7 4 6 2 2 2 1
1 8 9 10 3 4 3 1
1 11 8 10 5 3 3 1
1 12 13 14 6 7 6 1
1 15 12 14 8 6 6 1
1 16 17 18 9 10 9 1
1 19 16 18 11 9 9 1
1 20 21 22 12 13 14 1
1 23 20 22 15 12 14 1
1 24 25 21 16 17 13 1
1 20 24 21 12 16 13 1
1 26 27 25 18 19 17 1
1 24 26 25 16 18 17 1
1 23 22 27 15 14 19 1
1 26 23 27 18 15 19 1
1 28 29 30 20 21 2 1
1 31 28 30 22 20 2 1
1 32 33 29 23 24 21 1
1 28 32 29 20 23 21 1
1 34 35 33 25 26 24 1
1 32 34 33 23 25 24 1
1 36 37 38 27 28 27 1
1 39 36 38 29 27 27 1
1 40 28 31 30 20 22 1
1 41 40 31 31 30 22 1
1 42 32 28 32 23 20 1
1 40 42 28 30 32 20 1
1 43 34 32 33 25 23 1
1 42 43 32 32 33 23 1
1 41 31 34 31 22 25 1
1 43 41 34 33 31 25 1
1 44 45 46 34 35 36 1
1 47 44 46 37 34 36 1
1 48 49 50 38 38 38 1
1 51 44 47 39 34 37 1
1 52 51 47 40 39 37 1
1 53 49 48 38 38 38 1
1 54 51 52 41 39 40 1
1 55 54 52 42 41 40 1
1 56 49 53 38 38 38 1
1 57 54 55 43 41 42 1
1 58 57 55 44 43 42 1
1 59 49 56 38 38 38 1
1 60 57 58 45 43 44 1
1 61 60 58 46 45 44 1
1 62 49 59 38 38 38 1
1 63 60 61 47 45 46 1
1 64 63 61 48 47 46 1
1 65 49 62 38 38 38 1
1 66 63 64 49 47 48 1
1 67 66 64 50 49 48 1
1 68 49 65 38 38 38 1
1 69 66 67 51 49 50 1
1 70 69 67 52 51 50 1
1 71 49 68 38 38 38 1
1 72 69 70 53 51 52 1
1 73 72 70 54 53 52 1
1 74 49 71 38 38 38 1
1 75 76 77 55 56 57 1
1 78 75 77 58 55 57 1
1 79 49 74 38 38 38 1
1 80 75 78 59 55 58 1
1 81 80 78 60 59 58 1
1 82 49 79 38 38 38 1
1 45 80 81 35 59 60 1
1 46 45 81 36 35 60 1
1 50 49 82 38 38 38 1
1 83 47 46 61 37 36 1
1 84 83 46 62 61 36 1
1 85 52 47 63 40 37 1
1 83 85 47 61 63 37 1
1 86 55 52 64 42 40 1
1 85 86 52 63 64 40 1
1 87 58 55 65 44 42 1
1 86 87 55 64 65 42 1
1 88 61 58 66 46 44 1
1 87 88 58 65 66 44 1
1 89 64 61 67 48 46 1
1 88 89 61 66 67 46 1
1 90 67 64 68 50 48 1
1 89 90 64 67 68 48 1
1 91 70 67 69 52 50 1
1 90 91 67 68 69 50 1
1 92 73 70 70 54 52 1
1 91 92 70 69 70 52 1
1 93 78 77 71 58 57 1
1 94 93 77 72 71 57 1
1 95 81 78 73 60 58 1
1 93 95 78 71 73 58 1
1 84 46 81 62 36 60 1
1 95 84 81 73 62 60 1
1 96 83 84 74 61 62 1
1 97 96 84 75 74 62 1
1 98 85 83 76 63 61 1
1 96 98 83 74 76 61 1
1 99 86 85 77 64 63 1
1 98 99 85 76 77 63 1
1 100 87 86 78 65 64 1
1 99 100 86 77 78 64 1
1 101 88 87 79 66 65 1
1 100 101 87 78 79 65 1
1 102 89 88 80 67 66 1
1 101 102 88 79 80 66 1
1 103 90 89 81 68 67 1
1 102 103 89 80 81 67 1
1 104 91 90 82 69 68 1
1 103 104 90 81 82 68 1
1 105 92 91 83 70 69 1
1 104 105 91 82 83 69 1
1 106 93 94 84 71 72 1
1 107 106 94 85 84 72 1
1 108 95 93 86 73 71 1
1 106 108 93 84 86 71 1
1 97 84 95 75 62 73 1
1 108 97 95 86 75 73 1
1 109 110 111 87 87 87 1
1 112 109 111 87 87 87 1
1 113 114 115 2 2 2 1
1 116 113 115 2 2 2 1
1 117 118 119 88 88 88 1
1 120 117 119 88 88 88 1
1 121 122 123 89 89 89 1
1 124 121 123 89 89 89 1
1 125 126 127 90 91 92 1
1 128 125 127 93 90 92 1
1 129 130 126 94 95 91 1
1 125 129 126 90 94 91 1
1 131 132 130 96 97 95 1
1 129 131 130 94 96 95 1
1 128 127 132 93 92 97 1
1 131 128 132 96 93 97 1
1 133 134 135 87 87 87 1
1 136 137 138 87 87 87 1
1 139 140 141 98 98 98 1
1 142 139 141 98 98 98 1
1 143 144 145 2 2 2 1
1 146 143 145 2 2 2 1
1 147 148 149 99 99 99 1
1 150 147 149 99 99 99 1
1 151 137 136 87 87 87 1
1 152 151 136 87 87 87 1
1 153 154 155 100 100 100 1
1 156 153 155 100 100 100 1
1 157 143 146 2 2 2 1
1 158 157 146 2 2 2 1
1 159 160 161 101 101 101 1
1 162 159 161 101 101 101 1
1 163 164 165 102 103 104 1
1 166 163 165 105 102 104 1
1 167 168 164 106 107 103 1
1 163 167 164 102 106 103 1
1 169 170 168 108 109 107 1
1 167 169 168 106 108 107 1
1 166 165 170 105 104 109 1
1 169 166 170 108 105 109 1
"screen" 0 0
4
1 0.618076 4.557918 0.550607 0.697894 0.040936 -1
1 -0.620400 4.557918 0.550607 0.053440 0.040936 -1
1 -0.620400 3.822231 0.424852 0.053440 0.420337 -1
1 0.618076 3.822231 0.424852 0.697894 0.420337 -1
1
0.000000 -0.168492 0.985703
2
1 0 1 2 0 0 0 1
1 3 0 2 0 0 0 1

Materials: 1
"Untitled"
0.200000 0.200000 0.200000 1.000000
0.800000 0.800000 0.800000 1.000000
0.000000 0.000000 0.000000 1.000000
0.000000 0.000000 0.000000 1.000000
0.000000
1.000000
"comp01.jpg"
""

Bones: 0
GroupComments: 0
MaterialComments: 0
BoneComments: 0
ModelComment: 0
