// MilkShape 3D ASCII

Block: 0
Floor: 1

Frames: 30
Frame: 1

Meshes: 2
"Roof" 1 1
9
1 0.000000 6.000000 0.000000 0.500000 0.500000 -1
1 1.500000 6.000000 0.000000 0.000000 0.500000 -1
1 1.500000 6.000000 1.500000 0.000000 0.000000 -1
1 0.000000 6.000000 1.500000 0.500000 0.000000 -1
1 0.000000 6.000000 -1.500000 0.500000 1.000000 -1
1 -1.500000 6.000000 -1.500000 1.000000 1.000000 -1
1 1.500000 6.000000 -1.500000 0.000000 1.000000 -1
1 -1.500000 6.000000 0.000000 1.000000 0.500000 -1
1 -1.500000 6.000000 1.500000 1.000000 0.000000 -1
1
0.000000 -1.000000 0.000000
8
1 0 1 2 0 0 0 1
1 3 0 2 0 0 0 1
1 4 0 5 0 0 0 1
1 1 4 6 0 0 0 1
1 0 4 1 0 0 0 1
1 7 3 8 0 0 0 1
1 0 7 5 0 0 0 1
1 3 7 0 0 0 0 1
"Floor" 0 0
9
0 1.500000 0.000000 1.500000 0.000000 0.000000 -1
0 1.500000 0.000000 0.000000 0.000000 0.500000 -1
0 0.000000 0.000000 0.000000 0.500000 0.500000 -1
0 0.000000 0.000000 1.500000 0.500000 0.000000 -1
0 -1.500000 0.000000 -1.500000 1.000000 1.000000 -1
0 0.000000 0.000000 -1.500000 0.500000 1.000000 -1
0 1.500000 0.000000 -1.500000 0.000000 1.000000 -1
0 -1.500000 0.000000 1.500000 1.000000 0.000000 -1
0 -1.500000 0.000000 0.000000 1.000000 0.500000 -1
1
0.000000 1.000000 0.000000
8
0 0 1 2 0 0 0 1
0 0 2 3 0 0 0 1
0 4 2 5 0 0 0 1
0 6 5 1 0 0 0 1
0 1 5 2 0 0 0 1
0 7 3 8 0 0 0 1
0 4 8 2 0 0 0 1
0 2 8 3 0 0 0 1

Materials: 2
"FloorMaterial"
0.200000 0.200000 0.200000 1.000000
0.800000 0.800000 0.800000 1.000000
0.100000 0.100000 0.500000 1.000000
0.000000 0.000000 0.000000 1.000000
64.000000
1.000000
"floor.bmp"
""
"RoofMaterial"
0.300000 0.300000 0.300000 1.000000
0.800000 0.800000 0.800000 1.000000
0.000000 0.000000 0.000000 1.000000
0.000000 0.000000 0.000000 1.000000
0.000000
1.000000
"roof.bmp"
""

Bones: 0
GroupComments: 0
MaterialComments: 0
BoneComments: 0
ModelComment: 0
