// MilkShape 3D ASCII

Block: 0
Floor: 0

Frames: 30
Frame: 1

Meshes: 1
"plant" 0 0
345
1 0.272925 1.482502 -0.258337 0.664572 0.029055 -1
1 0.293123 1.476431 -0.212942 0.664572 0.061905 -1
1 0.286141 0.708181 -0.231047 0.984572 0.061905 -1
1 0.266985 0.708181 -0.277291 0.984572 0.029055 -1
1 0.211382 1.920408 -0.172381 0.344572 0.029055 -1
1 0.231579 1.914337 -0.126985 0.344572 0.061905 -1
1 -0.021077 2.499292 0.077458 0.024572 0.029055 -1
1 0.003453 2.489714 0.120026 0.024572 0.061905 -1
1 -0.057185 2.465215 0.120026 0.024572 0.061905 -1
1 0.226622 1.479686 -0.277141 0.664572 0.015448 -1
1 0.220741 0.708181 -0.296447 0.984572 0.015448 -1
1 0.165078 1.917592 -0.191184 0.344572 0.015448 -1
1 -0.066758 2.488910 0.059825 0.024572 0.015448 -1
1 0.181336 1.469630 -0.258337 0.664572 0.029055 -1
1 0.174496 0.708181 -0.277291 0.984572 0.029055 -1
1 0.119792 1.907538 -0.172381 0.344572 0.029055 -1
1 -0.106832 2.464647 0.077458 0.024572 0.029055 -1
1 0.163595 1.458226 -0.212942 0.664572 0.061905 -1
1 0.155341 0.708181 -0.231047 0.984572 0.061905 -1
1 0.102052 1.896134 -0.126985 0.344572 0.061905 -1
1 -0.117823 2.440717 0.120026 0.024572 0.061905 -1
1 0.183792 1.452155 -0.167547 0.664572 0.094755 -1
1 0.174496 0.708181 -0.184801 0.984572 0.094755 -1
1 0.122248 1.890061 -0.081590 0.344572 0.094755 -1
1 -0.093293 2.431137 0.162595 0.024572 0.094755 -1
1 0.230096 1.454971 -0.148744 0.664572 0.108361 -1
1 0.220741 0.708181 -0.165646 0.984572 0.108361 -1
1 0.168552 1.892877 -0.062787 0.344572 0.108361 -1
1 -0.047612 2.441521 0.180227 0.024572 0.108361 -1
1 0.275382 1.465027 -0.167547 0.664572 0.094755 -1
1 0.266985 0.708181 -0.184801 0.984572 0.094755 -1
1 0.213838 1.902933 -0.081590 0.344572 0.094755 -1
1 -0.007539 2.465784 0.162595 0.024572 0.094755 -1
1 0.084963 2.674531 0.325446 0.206793 0.460806 -1
1 -0.061754 2.446484 0.144246 0.015116 0.359890 -1
1 -0.049877 2.438208 0.139100 0.015116 0.359890 -1
1 0.110209 2.666496 0.318271 0.206793 0.460806 -1
1 0.045717 2.771669 0.078629 0.206793 0.204699 -1
1 -0.070071 2.467068 0.091940 0.015116 0.305615 -1
1 0.070962 2.763634 0.071454 0.206793 0.204699 -1
1 -0.058194 2.458793 0.086795 0.015116 0.305615 -1
1 0.376632 3.040349 0.388231 0.473683 0.430199 -1
1 0.388642 3.032610 0.383276 0.473683 0.430199 -1
1 0.346766 3.114269 0.200407 0.473683 0.235306 -1
1 0.358776 3.106535 0.195451 0.473683 0.235306 -1
1 0.703897 3.273188 0.376941 0.699583 0.385456 -1
1 0.711648 3.265897 0.372839 0.699583 0.385456 -1
1 0.687744 3.313169 0.275357 0.699583 0.280049 -1
1 0.695496 3.305879 0.271255 0.699583 0.280049 -1
1 1.262253 3.382933 0.270348 0.992503 0.331824 -1
1 0.570340 -0.013914 -0.477512 0.168757 0.993619 -1
1 0.650422 -0.013914 -0.231047 0.118795 0.993619 -1
1 0.231110 -0.013914 -0.231047 -0.006109 0.993619 -1
1 0.688053 0.889182 -0.563035 0.168757 0.494000 -1
1 0.795922 0.889182 -0.231047 0.118795 0.494000 -1
1 0.360685 -0.013914 -0.629835 0.218719 0.993619 -1
1 0.405647 0.889182 -0.768215 0.218719 0.494000 -1
1 0.101536 -0.013914 -0.629835 0.268681 0.993619 -1
1 0.056574 0.889182 -0.768215 0.268681 0.494000 -1
1 -0.108119 -0.013914 -0.477512 0.318643 0.993619 -1
1 0.231110 -0.013914 -0.231047 0.493510 0.993619 -1
1 -0.225832 0.889182 -0.563035 0.318643 0.494000 -1
1 -0.188201 -0.013914 -0.231047 0.368605 0.993619 -1
1 -0.333702 0.889182 -0.231047 0.368605 0.494000 -1
1 -0.108119 -0.013914 0.015418 0.418567 0.993619 -1
1 -0.225832 0.889182 0.100942 0.418567 0.494000 -1
1 0.101536 -0.013914 0.167742 0.468529 0.993619 -1
1 0.056574 0.889182 0.306122 0.468529 0.494000 -1
1 0.360685 -0.013914 0.167742 0.518490 0.993619 -1
1 0.405647 0.889182 0.306122 0.518490 0.494000 -1
1 0.570340 -0.013914 0.015418 0.068833 0.993619 -1
1 0.360685 -0.013914 0.167742 0.018872 0.993619 -1
1 0.688053 0.889182 0.100942 0.068833 0.494000 -1
1 0.405647 0.889182 0.306122 0.018872 0.494000 -1
1 0.686474 0.889182 -0.231047 0.118795 0.494000 -1
1 0.599507 0.889182 -0.498702 0.168757 0.494000 -1
1 0.371825 0.889182 -0.664123 0.218719 0.494000 -1
1 0.090395 0.889182 -0.664123 0.268681 0.494000 -1
1 -0.137286 0.889182 -0.498702 0.318643 0.494000 -1
1 -0.224253 0.889182 -0.231047 0.368605 0.494000 -1
1 -0.137286 0.889182 0.036610 0.418567 0.494000 -1
1 0.090395 0.889182 0.202031 0.468529 0.494000 -1
1 0.371825 0.889182 0.202031 0.518490 0.494000 -1
1 0.371825 0.889182 0.202031 0.018872 0.494000 -1
1 0.599507 0.889182 0.036610 0.068833 0.494000 -1
1 0.686474 0.747239 -0.231047 0.118795 0.572527 -1
1 0.599507 0.747239 -0.498703 0.168757 0.572527 -1
1 0.371825 0.747239 -0.664123 0.218719 0.572527 -1
1 0.090395 0.747239 -0.664123 0.268681 0.572527 -1
1 -0.137286 0.747239 -0.498703 0.318643 0.572527 -1
1 -0.224253 0.747239 -0.231047 0.368605 0.572527 -1
1 -0.137286 0.747239 0.036610 0.418567 0.572527 -1
1 0.090395 0.747239 0.202031 0.468529 0.572527 -1
1 0.371825 0.747239 0.202031 0.518490 0.572527 -1
1 0.371825 0.747239 0.202031 0.018872 0.572527 -1
1 0.599507 0.747239 0.036610 0.068833 0.572527 -1
1 0.599507 0.747239 -0.498703 0.940375 0.620898 -1
1 0.231110 0.747239 -0.231047 0.760190 0.751809 -1
1 0.686474 0.747239 -0.231047 0.982911 0.751809 -1
1 0.371825 0.747239 -0.664123 0.829015 0.539990 -1
1 0.090395 0.747239 -0.664123 0.691366 0.539990 -1
1 -0.137286 0.747239 -0.498703 0.580006 0.620898 -1
1 -0.224253 0.747239 -0.231047 0.537470 0.751809 -1
1 -0.137286 0.747239 0.036610 0.580006 0.882721 -1
1 0.090395 0.747239 0.202031 0.691366 0.963629 -1
1 0.371825 0.747239 0.202031 0.829015 0.963629 -1
1 0.599507 0.747239 0.036610 0.940375 0.882721 -1
1 -0.075089 2.633850 0.375551 0.206793 0.460806 -1
1 -0.054596 2.475071 0.091413 0.015116 0.359890 -1
1 -0.045035 2.463522 0.094766 0.015116 0.359890 -1
1 -0.056130 2.618155 0.387701 0.206793 0.460806 -1
1 0.115598 2.748206 0.225699 0.206793 0.204699 -1
1 -0.014185 2.499306 0.059656 0.015116 0.305615 -1
1 0.134558 2.732512 0.237848 0.206793 0.204699 -1
1 -0.004624 2.487757 0.063009 0.015116 0.305615 -1
1 0.106317 2.878815 0.735995 0.473683 0.430199 -1
1 0.115896 2.867721 0.739716 0.473683 0.430199 -1
1 0.251428 2.965838 0.621959 0.473683 0.235306 -1
1 0.261006 2.954744 0.625681 0.473683 0.235306 -1
1 0.344620 2.989583 1.039946 0.699583 0.385456 -1
1 0.351130 2.980296 1.041141 0.699583 0.385456 -1
1 0.423102 3.036648 0.978271 0.699583 0.280049 -1
1 0.429612 3.027361 0.979465 0.699583 0.280049 -1
1 0.771598 2.911177 1.422973 0.992503 0.331824 -1
1 -0.363756 2.471317 0.039712 0.206793 0.460806 -1
1 -0.041252 2.443563 0.079538 0.015116 0.359890 -1
1 -0.038440 2.429508 0.074009 0.015116 0.359890 -1
1 -0.366701 2.445409 0.031143 0.206793 0.460806 -1
1 -0.314151 2.383512 0.288156 0.206793 0.204699 -1
1 -0.030740 2.424957 0.132189 0.015116 0.305615 -1
1 -0.317095 2.357603 0.279587 0.206793 0.204699 -1
1 -0.027927 2.410901 0.126660 0.015116 0.305615 -1
1 -0.811150 2.342810 0.118207 0.473683 0.430199 -1
1 -0.808894 2.328858 0.112826 0.473683 0.430199 -1
1 -0.773401 2.275992 0.307269 0.473683 0.235306 -1
1 -0.771144 2.262041 0.301888 0.473683 0.235306 -1
1 -1.142265 2.118277 0.155520 0.699583 0.385456 -1
1 -1.138664 2.108319 0.151282 0.699583 0.385456 -1
1 -1.121848 2.082139 0.257773 0.699583 0.280049 -1
1 -1.118248 2.072182 0.253534 0.699583 0.280049 -1
1 -1.449752 1.630348 0.105069 0.992503 0.331824 -1
1 -0.339241 2.454052 0.207870 0.206793 0.460806 -1
1 -0.050865 2.418721 0.059692 0.015116 0.359890 -1
1 -0.048758 2.403510 0.060151 0.015116 0.359890 -1
1 -0.341031 2.427496 0.214573 0.206793 0.460806 -1
1 -0.144048 2.486549 0.388809 0.206793 0.204699 -1
1 -0.009499 2.425608 0.098037 0.015116 0.305615 -1
1 -0.145839 2.459994 0.395511 0.206793 0.204699 -1
1 -0.007392 2.410397 0.098496 0.015116 0.305615 -1
1 -0.631231 2.417266 0.576957 0.473683 0.430199 -1
1 -0.629513 2.402265 0.577798 0.473683 0.430199 -1
1 -0.482692 2.441995 0.714649 0.473683 0.235306 -1
1 -0.480974 2.426994 0.715489 0.473683 0.235306 -1
1 -0.832242 2.266199 0.890354 0.699583 0.385456 -1
1 -0.829625 2.255128 0.889521 0.699583 0.385456 -1
1 -0.751905 2.279575 0.964824 0.699583 0.280049 -1
1 -0.749290 2.268505 0.963990 0.699583 0.280049 -1
1 -1.008532 1.840013 1.240290 0.992503 0.331824 -1
1 -0.120127 2.678135 -0.088232 0.206793 0.460806 -1
1 0.024954 2.439784 0.080598 0.015116 0.359890 -1
1 0.023702 2.427775 0.071099 0.015116 0.359890 -1
1 -0.128186 2.661349 -0.108395 0.206793 0.460806 -1
1 -0.299870 2.566567 0.076510 0.206793 0.204699 -1
1 -0.013137 2.416138 0.115511 0.015116 0.305615 -1
1 -0.307929 2.549776 0.056347 0.206793 0.204699 -1
1 -0.014389 2.404130 0.106011 0.015116 0.305615 -1
1 -0.489534 2.877784 -0.303910 0.473683 0.430199 -1
1 -0.491155 2.866217 -0.313515 0.473683 0.430199 -1
1 -0.626315 2.792882 -0.178545 0.473683 0.235306 -1
1 -0.627937 2.781312 -0.188148 0.473683 0.235306 -1
1 -0.809569 2.930665 -0.541031 0.699583 0.385456 -1
1 -0.809319 2.921098 -0.547236 0.699583 0.385456 -1
1 -0.883546 2.884743 -0.473227 0.699583 0.280049 -1
1 -0.883295 2.875176 -0.479434 0.699583 0.280049 -1
1 -1.180398 2.777089 -0.958245 0.992503 0.331824 -1
1 0.216803 2.585845 -0.061670 0.206793 0.460806 -1
1 0.001459 2.378303 0.068406 0.015116 0.359890 -1
1 -0.000703 2.368221 0.057018 0.015116 0.359890 -1
1 0.215994 2.573941 -0.086390 0.206793 0.460806 -1
1 -0.030545 2.682039 -0.099886 0.206793 0.204699 -1
1 -0.050959 2.398689 0.060308 0.015116 0.305615 -1
1 -0.031354 2.670137 -0.124606 0.206793 0.204699 -1
1 -0.053121 2.388607 0.048919 0.015116 0.305615 -1
1 0.355478 2.905030 -0.380615 0.473683 0.430199 -1
1 0.353541 2.895463 -0.392164 0.473683 0.430199 -1
1 0.167250 2.978235 -0.409696 0.473683 0.235306 -1
1 0.165312 2.968666 -0.421245 0.473683 0.235306 -1
1 0.429233 3.085719 -0.731836 0.699583 0.385456 -1
1 0.427072 3.077254 -0.739166 0.699583 0.385456 -1
1 0.327431 3.125312 -0.747564 0.699583 0.280049 -1
1 0.325270 3.116846 -0.754895 0.699583 0.280049 -1
1 0.466155 3.107810 -1.309171 0.992503 0.331824 -1
1 0.075659 1.762891 -0.252056 0.206793 0.460806 -1
1 0.215395 1.626580 -0.178167 0.015116 0.359890 -1
1 0.211667 1.617954 -0.181062 0.015116 0.359890 -1
1 0.064688 1.750351 -0.257616 0.206793 0.460806 -1
1 0.036078 1.725391 -0.089344 0.206793 0.204699 -1
1 0.207007 1.618633 -0.143685 0.015116 0.305615 -1
1 0.025107 1.712848 -0.094904 0.206793 0.204699 -1
1 0.203279 1.610007 -0.146580 0.015116 0.305615 -1
1 -0.200956 1.883040 -0.270024 0.473683 0.430199 -1
1 -0.204926 1.874697 -0.272913 0.473683 0.430199 -1
1 -0.231077 1.854498 -0.146203 0.473683 0.235306 -1
1 -0.235047 1.846158 -0.149091 0.473683 0.235306 -1
1 -0.455864 1.905782 -0.295171 0.699583 0.385456 -1
1 -0.457694 1.899008 -0.297178 0.699583 0.385456 -1
1 -0.472155 1.890349 -0.228203 0.699583 0.280049 -1
1 -0.473984 1.883573 -0.230210 0.699583 0.280049 -1
1 -0.796416 1.779920 -0.369120 0.992503 0.331824 -1
1 0.356569 1.573795 -0.277827 0.206793 0.460806 -1
1 0.247969 1.405536 -0.218991 0.015116 0.359890 -1
1 0.251589 1.398526 -0.224860 0.015116 0.359890 -1
1 0.364536 1.565421 -0.291055 0.206793 0.460806 -1
1 0.208559 1.570025 -0.364587 0.206793 0.204699 -1
1 0.216603 1.404739 -0.237377 0.015116 0.305615 -1
1 0.216526 1.561648 -0.377814 0.206793 0.204699 -1
1 0.220222 1.397729 -0.243246 0.015116 0.305615 -1
1 0.445300 1.781207 -0.478780 0.473683 0.430199 -1
1 0.448977 1.774549 -0.484764 0.473683 0.430199 -1
1 0.332667 1.778337 -0.544802 0.473683 0.235306 -1
1 0.336344 1.771679 -0.550786 0.473683 0.235306 -1
1 0.534145 1.889643 -0.694362 0.699583 0.385456 -1
1 0.536452 1.883779 -0.698043 0.699583 0.385456 -1
1 0.473228 1.888090 -0.730069 0.699583 0.280049 -1
1 0.475536 1.882227 -0.733751 0.699583 0.280049 -1
1 0.689701 1.884989 -1.030615 0.992503 0.331824 -1
1 0.239461 1.868356 -0.015487 0.206793 0.460806 -1
1 0.206234 1.793932 -0.121330 0.015116 0.359890 -1
1 0.209520 1.788655 -0.120357 0.015116 0.359890 -1
1 0.247058 1.860954 -0.011762 0.206793 0.460806 -1
1 0.305639 1.894102 -0.099271 0.206793 0.204699 -1
1 0.220259 1.799389 -0.139086 0.015116 0.305615 -1
1 0.313236 1.886699 -0.095545 0.206793 0.204699 -1
1 0.223544 1.794112 -0.138113 0.015116 0.305615 -1
1 0.365386 1.963673 0.096062 0.473683 0.430199 -1
1 0.368749 1.958586 0.097154 0.473683 0.430199 -1
1 0.415746 1.983264 0.032303 0.473683 0.235306 -1
1 0.419108 1.978179 0.033396 0.473683 0.235306 -1
1 0.498207 1.998886 0.186640 0.699583 0.385456 -1
1 0.500229 1.994686 0.186947 0.699583 0.385456 -1
1 0.525444 2.009481 0.152157 0.699583 0.280049 -1
1 0.527467 2.005281 0.152465 0.699583 0.280049 -1
1 0.699903 1.945865 0.299510 0.992503 0.331824 -1
1 0.048233 2.280939 0.426390 0.206793 0.460806 -1
1 -0.010682 2.356496 0.114644 0.015116 0.359890 -1
1 -0.004374 2.344672 0.107132 0.015116 0.359890 -1
1 0.063409 2.258973 0.420032 0.206793 0.460806 -1
1 0.243623 2.441635 0.337538 0.206793 0.204699 -1
1 0.030725 2.390552 0.095814 0.015116 0.305615 -1
1 0.258799 2.419666 0.331180 0.206793 0.204699 -1
1 0.037033 2.378728 0.088303 0.015116 0.305615 -1
1 0.332724 2.190713 0.792122 0.473683 0.430199 -1
1 0.339220 2.178967 0.785159 0.473683 0.430199 -1
1 0.481413 2.313001 0.724507 0.473683 0.235306 -1
1 0.487909 2.301255 0.717543 0.473683 0.235306 -1
1 0.627329 2.034684 1.016415 0.699583 0.385456 -1
1 0.631097 2.026342 1.009611 0.699583 0.385456 -1
1 0.707747 2.100822 0.979846 0.699583 0.280049 -1
1 0.711514 2.092480 0.973042 0.699583 0.280049 -1
1 1.058740 1.664575 1.126287 0.992503 0.331824 -1
1 0.152014 2.411659 0.390077 0.206793 0.460806 -1
1 -0.000794 2.324792 0.115359 0.015116 0.359890 -1
1 0.010116 2.317034 0.107824 0.015116 0.359890 -1
1 0.176273 2.401882 0.381756 0.206793 0.460806 -1
1 0.171808 2.611742 0.212679 0.206793 0.204699 -1
1 0.003401 2.367195 0.077764 0.015116 0.305615 -1
1 0.196068 2.601961 0.204357 0.206793 0.204699 -1
1 0.014311 2.359432 0.070229 0.015116 0.305615 -1
1 0.489359 2.636028 0.632344 0.473683 0.430199 -1
1 0.500463 2.628621 0.625232 0.473683 0.430199 -1
1 0.504422 2.788289 0.497348 0.473683 0.235306 -1
1 0.515525 2.780882 0.490234 0.473683 0.235306 -1
1 0.849947 2.768025 0.750653 0.699583 0.385456 -1
1 0.856857 2.761633 0.744213 0.699583 0.385456 -1
1 0.858093 2.850376 0.677642 0.699583 0.280049 -1
1 0.865004 2.843980 0.671200 0.699583 0.280049 -1
1 1.428720 2.780041 0.743915 0.992503 0.331824 -1
1 -0.258502 2.337824 0.280867 0.206793 0.460806 -1
1 -0.028381 2.367329 0.051651 0.015116 0.359890 -1
1 -0.024630 2.352700 0.048836 0.015116 0.359890 -1
1 -0.255286 2.310658 0.283092 0.206793 0.460806 -1
1 -0.021388 2.375674 0.400196 0.206793 0.204699 -1
1 0.021868 2.375350 0.076939 0.015116 0.305615 -1
1 -0.018172 2.348507 0.402421 0.206793 0.204699 -1
1 0.025620 2.360722 0.074125 0.015116 0.305615 -1
1 -0.415743 2.207812 0.706552 0.473683 0.430199 -1
1 -0.412262 2.193275 0.704246 0.473683 0.430199 -1
1 -0.235303 2.236613 0.797359 0.473683 0.235306 -1
1 -0.231822 2.222080 0.795055 0.473683 0.235306 -1
1 -0.492181 1.987316 1.033636 0.699583 0.385456 -1
1 -0.488790 1.976989 1.030174 0.699583 0.385456 -1
1 -0.394591 2.002897 1.082750 0.699583 0.280049 -1
1 -0.391201 1.992570 1.079288 0.699583 0.280049 -1
1 -0.504633 1.496405 1.340264 0.992503 0.331824 -1
1 0.082189 2.468699 -0.161440 0.206793 0.460806 -1
1 0.036970 2.381029 0.149422 0.015116 0.359890 -1
1 0.040940 2.366190 0.149279 0.015116 0.359890 -1
1 0.087961 2.443150 -0.169644 0.206793 0.460806 -1
1 -0.174623 2.399659 -0.127135 0.206793 0.204699 -1
1 -0.017454 2.366400 0.156692 0.015116 0.305615 -1
1 -0.168850 2.374110 -0.135338 0.206793 0.204699 -1
1 -0.013484 2.351559 0.156548 0.015116 0.305615 -1
1 -0.005917 2.441923 -0.624427 0.473683 0.430199 -1
1 -0.002078 2.427313 -0.625093 0.473683 0.430199 -1
1 -0.201347 2.389388 -0.598321 0.473683 0.235306 -1
1 -0.197507 2.374773 -0.598986 0.473683 0.235306 -1
1 -0.064307 2.293872 -0.993364 0.699583 0.385456 -1
1 -0.061188 2.282995 -0.991895 0.699583 0.385456 -1
1 -0.170004 2.265455 -0.979245 0.699583 0.280049 -1
1 -0.166885 2.254583 -0.977776 0.699583 0.280049 -1
1 -0.063808 1.875236 -1.393257 0.992503 0.331824 -1
1 -0.087048 2.464850 -0.138623 0.206793 0.460806 -1
1 0.054123 2.356660 0.134749 0.015116 0.359890 -1
1 0.052022 2.341475 0.133762 0.015116 0.359890 -1
1 -0.096538 2.440066 -0.145622 0.206793 0.460806 -1
1 -0.265073 2.476485 0.061545 0.206793 0.204699 -1
1 0.016395 2.359128 0.177168 0.015116 0.305615 -1
1 -0.274563 2.451700 0.054546 0.206793 0.204699 -1
1 0.014295 2.343940 0.176182 0.015116 0.305615 -1
1 -0.455537 2.527052 -0.427040 0.473683 0.430199 -1
1 -0.457992 2.512188 -0.428360 0.473683 0.430199 -1
1 -0.591011 2.535905 -0.274715 0.473683 0.235306 -1
1 -0.593466 2.521041 -0.276035 0.473683 0.235306 -1
1 -0.781631 2.453747 -0.650050 0.699583 0.385456 -1
1 -0.782008 2.442351 -0.649723 0.699583 0.385456 -1
1 -0.854901 2.458534 -0.567666 0.699583 0.280049 -1
1 -0.855278 2.447138 -0.567339 0.699583 0.280049 -1
1 -1.173682 2.111452 -0.903623 0.992503 0.331824 -1
1 0.229511 2.607461 0.117021 0.206793 0.460806 -1
1 0.034966 2.364141 0.213527 0.015116 0.359890 -1
1 0.043136 2.351688 0.209760 0.015116 0.359890 -1
1 0.247828 2.590587 0.105482 0.206793 0.460806 -1
1 0.055266 2.552512 -0.079229 0.206793 0.204699 -1
1 -0.001960 2.352497 0.171938 0.015116 0.305615 -1
1 0.073583 2.535640 -0.090768 0.206793 0.204699 -1
1 0.006210 2.340044 0.168171 0.015116 0.305615 -1
1 0.468341 2.853230 -0.207624 0.473683 0.430199 -1
1 0.476665 2.841271 -0.211667 0.473683 0.430199 -1
1 0.335742 2.811418 -0.356968 0.473683 0.235306 -1
1 0.344066 2.799457 -0.361010 0.473683 0.235306 -1
1 0.712383 2.943872 -0.513684 0.699583 0.385456 -1
1 0.717527 2.933846 -0.515444 0.699583 0.385456 -1
1 0.640668 2.921255 -0.594455 0.699583 0.280049 -1
1 0.645813 2.911228 -0.596216 0.699583 0.280049 -1
1 1.113814 2.824526 -0.913406 0.992503 0.331824 -1
334
0.694496 0.123407 -0.708835
0.997030 0.076679 -0.007158
0.989328 -0.004965 -0.145622
0.601486 0.015125 -0.798740
0.644906 0.373402 -0.666834
0.964797 0.262245 0.019847
0.344488 0.913170 -0.217829
0.563308 0.751701 0.342973
-0.344814 0.853474 0.390750
-0.015047 0.097201 -0.995151
-0.138823 0.025974 -0.989976
-0.053190 0.267218 -0.962167
-0.190019 0.834721 -0.516849
-0.715490 0.014201 -0.698479
-0.802010 0.022628 -0.596882
-0.719372 0.003210 -0.694617
-0.734991 0.558348 -0.384755
-0.997062 -0.076267 0.007134
-0.989301 0.007994 0.145672
-0.964231 -0.264243 -0.020818
-0.963809 0.242034 0.111771
-0.694640 -0.121711 0.708987
-0.601551 -0.010819 0.798761
-0.644137 -0.376125 0.666046
-0.739903 0.082127 0.667682
0.015009 -0.095874 0.995280
0.138797 -0.024004 0.990030
0.053550 -0.267208 0.962150
-0.211845 0.164477 0.963363
0.715505 -0.014164 0.698464
0.802076 -0.021946 0.596819
0.719449 -0.002548 0.694541
0.328259 0.439498 0.836114
-0.550490 -0.015886 0.834690
-0.804713 0.047519 0.591760
0.374048 -0.723205 0.580571
0.687518 -0.599291 0.410085
-0.729023 0.516698 -0.448943
-0.659337 0.223040 -0.718003
0.406730 -0.207060 -0.889774
0.647811 -0.309499 -0.696097
-0.289706 0.280644 0.915046
0.649100 -0.635391 0.418267
-0.540520 0.748570 -0.384034
0.372211 -0.179435 -0.910638
0.012958 0.234476 0.972036
0.474465 -0.855684 0.206610
-0.354945 0.917533 -0.179300
0.133202 -0.095892 -0.986439
0.743651 0.654357 0.137112
0.560386 -0.654301 -0.507797
0.751837 -0.654301 -0.081429
0.000000 -1.000000 0.000000
0.645728 0.667884 -0.370091
0.739938 0.667884 0.080141
0.154887 -0.654301 -0.740203
0.304871 0.667884 -0.678959
-0.309774 -0.654301 -0.689877
-0.152436 0.667884 -0.728488
-0.656111 -0.654301 -0.376043
-0.551517 0.667884 -0.499760
-0.751837 -0.654301 0.081429
-0.739938 0.667884 -0.080141
-0.560386 -0.654301 0.507796
-0.645728 0.667883 0.370091
-0.154887 -0.654301 0.740202
-0.304872 0.667884 0.678958
0.000000 -0.758769 0.651360
0.000000 0.651360 0.758769
0.656112 -0.654301 0.376041
0.490783 -0.550298 0.675503
0.551518 0.667884 0.499759
0.445993 0.651360 0.613857
-0.687240 0.722607 -0.074432
-0.599740 0.722606 0.343733
-0.283158 0.722606 0.630604
0.141580 0.722607 0.676605
0.512240 0.722606 0.464167
0.687240 0.722607 0.074433
0.599740 0.722607 -0.343732
0.283160 0.722607 -0.630602
0.000000 0.447214 -0.894427
-0.262866 0.894427 -0.361803
-0.512239 0.722607 -0.464167
-0.994186 -0.000001 0.107678
-0.741022 -0.000003 0.671481
-0.204813 0.000000 0.978801
0.409628 -0.000002 0.912253
0.867604 -0.000003 0.497256
0.994186 0.000000 -0.107677
0.741024 0.000000 -0.671479
0.204815 0.000000 -0.978801
0.000000 0.000000 -1.000000
-0.587786 0.000000 -0.809017
-0.867604 0.000000 -0.497255
0.000000 1.000000 0.000000
-0.986836 0.135372 0.088477
-0.929465 0.289416 -0.228763
-0.370143 -0.828892 0.419442
-0.031539 -0.809841 0.585801
0.024376 0.747395 -0.663933
0.228923 0.458211 -0.858858
0.909367 -0.295311 -0.292989
0.876975 -0.479809 -0.026443
-0.849179 0.324632 0.416543
-0.066468 -0.831386 0.551706
0.121476 0.900452 -0.417648
0.910743 -0.257024 -0.323244
-0.727319 0.178026 0.662808
-0.036557 -0.972340 0.230690
0.094539 0.989707 -0.107432
0.847140 -0.095645 -0.522691
0.433037 0.363311 0.824915
-0.078306 0.907806 -0.412015
0.098972 0.988706 -0.112536
0.126643 -0.116527 -0.985080
-0.046580 -0.440334 -0.896625
0.146384 0.435891 0.888015
0.452371 0.171956 0.875095
0.341768 -0.866281 0.364352
0.221678 -0.971792 0.080497
-0.465237 0.800532 -0.377761
-0.003906 -0.411830 -0.911252
-0.149606 0.365523 0.918701
0.346116 -0.844834 0.407994
-0.599848 0.579804 -0.551371
0.339063 -0.432651 -0.835374
-0.455585 0.363720 0.812497
0.429513 -0.678657 0.595771
-0.917446 -0.395227 0.045694
-0.476893 0.618621 -0.624405
-0.184928 0.812048 -0.553516
-0.417220 -0.568356 -0.709153
-0.442003 -0.797778 -0.410101
0.518863 0.780839 0.347954
0.813237 0.514185 0.272506
0.655048 -0.627784 0.420476
0.422998 -0.840897 0.337587
-0.748772 0.574725 -0.330200
-0.421429 -0.783208 -0.457146
0.310963 0.759639 0.571184
0.678238 -0.589144 0.439206
-0.908086 0.312005 -0.279341
-0.098020 -0.797661 -0.595087
0.005365 0.736801 0.676088
0.815166 -0.363428 0.451027
-0.635300 -0.245047 0.732356
0.657289 0.747663 0.094714
0.595417 0.673110 0.438636
0.680404 -0.118437 -0.723204
0.370006 -0.247474 -0.895462
-0.309057 0.177950 0.934247
-0.248600 -0.221751 0.942881
-0.454780 -0.890481 0.014833
-0.382140 -0.873262 -0.302295
0.362216 0.925004 -0.114749
0.417644 -0.254078 -0.872364
-0.532300 0.322045 0.782907
-0.471602 -0.879806 0.059436
0.298443 0.860581 -0.412713
0.553450 -0.502937 -0.663888
-0.637135 0.530946 0.558709
-0.472235 -0.822360 0.317361
-0.741630 0.317782 -0.590763
0.671698 0.086337 0.735777
0.374288 0.181587 0.909359
0.644266 -0.757576 -0.104882
0.558756 -0.686157 -0.465812
-0.607945 0.609856 0.508407
-0.855673 0.302931 0.419590
-0.764074 -0.286360 -0.578090
-0.518204 -0.419364 -0.745385
0.818700 0.342073 0.461211
0.556588 -0.715885 -0.421567
-0.494842 0.812200 0.308969
-0.792404 -0.254395 -0.554418
0.948296 0.252235 0.192644
0.304939 -0.912265 -0.273469
-0.247904 0.956062 0.156491
-0.923879 -0.137627 -0.357081
0.327217 0.537981 -0.776856
0.588779 0.684092 -0.430532
0.721114 0.685755 -0.098659
0.194143 -0.325370 -0.925442
-0.157116 -0.455283 -0.876374
0.230991 0.389238 0.891705
0.296384 -0.004691 0.955057
-0.355656 -0.821279 0.446105
-0.463255 -0.874568 0.143267
0.223327 0.844069 -0.487516
-0.104346 -0.461745 -0.880854
-0.041938 0.521370 0.852299
-0.346433 -0.800382 0.489258
0.012397 0.728264 -0.685184
0.127471 -0.676170 -0.725635
-0.254936 0.690768 0.676644
-0.211175 -0.693008 0.689307
-0.949423 0.265419 -0.167775
0.277932 0.382964 0.880961
-0.076535 0.372776 0.924760
0.842072 -0.468439 0.267356
0.881217 -0.460146 -0.108275
-0.915589 0.374280 0.147009
-0.998884 -0.008371 0.046491
-0.353634 -0.591127 -0.724922
-0.034248 -0.634590 -0.772090
0.427375 0.654632 0.623544
0.872166 -0.485257 -0.062062
-0.806868 0.589287 -0.041293
-0.397423 -0.570405 -0.718813
0.670155 0.600543 0.436166
0.660569 -0.750067 0.032390
-0.580886 0.803429 -0.130667
-0.623568 -0.497226 -0.603266
0.405154 0.563821 -0.719692
-0.892532 0.331296 0.305989
-0.894604 0.445675 -0.032529
-0.382133 -0.705276 0.597127
-0.013775 -0.739339 0.673192
-0.023807 0.673478 -0.738824
0.071347 0.335533 -0.939323
0.738779 -0.488829 -0.463953
0.746292 -0.641808 -0.176440
-0.644481 0.515521 0.564697
-0.059519 -0.756284 0.651530
0.158339 0.823687 -0.544490
0.738657 -0.454054 -0.498218
-0.489196 0.368038 0.790718
-0.138304 -0.925279 0.353173
0.228445 0.940712 -0.250745
0.653407 -0.299792 -0.695115
0.687663 0.335905 0.643652
-0.892163 0.160934 0.422073
-0.833016 0.480672 0.273932
-0.532326 -0.838260 -0.118104
-0.184242 -0.979693 -0.079104
0.150648 0.988474 -0.014966
0.241723 0.886133 -0.395397
0.749179 -0.128123 -0.649858
0.699264 -0.438535 -0.564551
-0.668751 0.057864 0.741232
-0.227659 -0.967760 -0.107759
0.315453 0.919817 0.233294
0.757484 -0.079994 -0.647934
-0.563589 -0.230618 0.793210
-0.277100 -0.855440 -0.437537
0.352105 0.777072 0.521710
0.717577 0.180073 -0.672798
0.613510 -0.351803 0.706994
-0.674585 -0.245426 0.696205
-0.870010 -0.026532 0.492320
0.139404 -0.967547 0.210761
0.493531 -0.858833 0.137233
-0.541982 0.813153 -0.212222
-0.481913 0.656644 -0.580154
0.504790 0.107977 -0.856462
0.688663 -0.120711 -0.714963
-0.382387 -0.081831 0.920372
0.448507 -0.884931 0.125454
-0.328753 0.943723 -0.036176
0.479638 0.148993 -0.864725
-0.106261 -0.216916 0.970390
0.275014 -0.945438 -0.174681
-0.152606 0.959894 0.235189
0.274989 0.309957 -0.910114
0.815000 0.338677 0.470185
-0.710241 0.615199 -0.342181
-0.433046 0.840115 -0.326616
-0.553882 -0.526512 -0.644980
-0.459977 -0.794697 -0.396078
0.515044 0.798226 0.312354
0.798057 0.592501 0.109763
0.816162 -0.569624 0.097002
0.593928 -0.803003 0.049354
-0.870994 0.491257 0.005949
-0.456701 -0.771025 -0.443785
0.390235 0.715820 0.579066
0.839792 -0.530668 0.114638
-0.977712 0.202750 0.054516
-0.192543 -0.717045 -0.669905
0.136631 0.632433 0.762470
0.948760 -0.290149 0.125169
-0.346638 -0.434690 0.831196
0.507395 0.855879 0.100107
0.216829 0.930869 0.294053
0.965887 -0.243790 0.087336
0.844734 -0.514832 -0.146195
-0.837470 0.489509 0.242950
-0.855373 0.169570 0.489472
-0.457718 -0.873528 0.165659
-0.185793 -0.982320 0.023001
0.465034 0.832918 -0.299986
0.861979 -0.497211 -0.098863
-0.873058 0.483822 -0.060712
-0.498852 -0.848874 0.174815
0.615163 0.626574 -0.478519
0.781467 -0.578432 0.233934
-0.765131 0.532323 -0.362224
-0.668504 -0.683818 0.292396
-0.080212 -0.195316 -0.977455
0.690893 0.631879 -0.351279
0.638710 0.769025 -0.025497
0.647708 -0.544967 -0.532433
0.326047 -0.731556 -0.598764
-0.266686 0.693005 0.669792
-0.222624 0.366083 0.903561
-0.490590 -0.698340 0.521193
-0.429065 -0.868000 0.249958
0.395929 0.675149 -0.622426
0.374204 -0.726509 -0.576330
-0.489181 0.737950 0.464899
-0.505276 -0.663380 0.551927
0.318544 0.456825 -0.830567
0.507149 -0.820321 -0.264334
-0.593409 0.788350 0.162390
-0.494028 -0.469854 0.731555
-0.749081 -0.032172 -0.661697
-0.019596 0.605881 0.795314
-0.369003 0.582342 0.724372
0.700765 -0.329184 0.632903
0.860776 -0.410747 0.300586
-0.907281 0.334862 -0.254379
-0.959115 -0.065558 -0.275320
-0.106255 -0.774037 -0.624161
0.210267 -0.805630 -0.553848
0.210102 0.815618 0.539096
0.836708 -0.424306 0.346243
-0.739557 0.504000 -0.446137
-0.149298 -0.755530 -0.637875
0.499932 0.734031 0.459637
0.601715 -0.671723 0.432120
-0.493425 0.704686 -0.509852
-0.399619 -0.671968 -0.623509
0.627144 0.396440 -0.670467
556
1 0 1 2 0 1 2 1
1 3 0 2 3 0 2 1
1 4 5 1 4 5 1 1
1 0 4 1 0 4 1 1
1 6 7 5 6 7 5 1
1 4 6 5 4 6 5 1
1 6 8 7 6 8 7 1
1 9 0 3 9 0 3 1
1 10 9 3 10 9 3 1
1 11 4 0 11 4 0 1
1 9 11 0 9 11 0 1
1 12 6 4 12 6 4 1
1 11 12 4 11 12 4 1
1 12 8 6 12 8 6 1
1 13 9 10 13 9 10 1
1 14 13 10 14 13 10 1
1 15 11 9 15 11 9 1
1 13 15 9 13 15 9 1
1 16 12 11 16 12 11 1
1 15 16 11 15 16 11 1
1 16 8 12 16 8 12 1
1 17 13 14 17 13 14 1
1 18 17 14 18 17 14 1
1 19 15 13 19 15 13 1
1 17 19 13 17 19 13 1
1 20 16 15 20 16 15 1
1 19 20 15 19 20 15 1
1 20 8 16 20 8 16 1
1 21 17 18 21 17 18 1
1 22 21 18 22 21 18 1
1 23 19 17 23 19 17 1
1 21 23 17 21 23 17 1
1 24 20 19 24 20 19 1
1 23 24 19 23 24 19 1
1 24 8 20 24 8 20 1
1 25 21 22 25 21 22 1
1 26 25 22 26 25 22 1
1 27 23 21 27 23 21 1
1 25 27 21 25 27 21 1
1 28 24 23 28 24 23 1
1 27 28 23 27 28 23 1
1 28 8 24 28 8 24 1
1 29 25 26 29 25 26 1
1 30 29 26 30 29 26 1
1 31 27 25 31 27 25 1
1 29 31 25 29 31 25 1
1 32 28 27 32 28 27 1
1 31 32 27 31 32 27 1
1 32 8 28 32 8 28 1
1 1 29 30 1 29 30 1
1 2 1 30 2 1 30 1
1 5 31 29 5 31 29 1
1 1 5 29 1 5 29 1
1 7 32 31 7 32 31 1
1 5 7 31 5 7 31 1
1 7 8 32 7 8 32 1
1 33 34 35 33 34 35 2
1 36 33 35 36 33 35 2
1 37 38 34 37 38 34 2
1 33 37 34 33 37 34 2
1 39 40 38 39 40 38 2
1 37 39 38 37 39 38 2
1 36 35 40 36 35 40 2
1 39 36 40 39 36 40 2
1 41 33 36 41 33 36 2
1 42 41 36 42 41 36 2
1 43 37 33 43 37 33 2
1 41 43 33 41 43 33 2
1 44 39 37 44 39 37 2
1 43 44 37 43 44 37 2
1 42 36 39 42 36 39 2
1 44 42 39 44 42 39 2
1 45 41 42 45 41 42 2
1 46 45 42 46 45 42 2
1 47 43 41 47 43 41 2
1 45 47 41 45 47 41 2
1 48 44 43 48 44 43 2
1 47 48 43 47 48 43 2
1 46 42 44 46 42 44 2
1 48 46 44 48 46 44 2
1 49 45 46 49 45 46 2
1 49 47 45 49 47 45 2
1 49 48 47 49 48 47 2
1 49 46 48 49 46 48 2
1 50 51 52 50 51 52 2
1 53 54 51 53 54 51 2
1 50 53 51 50 53 51 2
1 55 50 52 55 50 52 2
1 56 53 50 56 53 50 2
1 55 56 50 55 56 50 2
1 57 55 52 57 55 52 2
1 58 56 55 58 56 55 2
1 57 58 55 57 58 55 2
1 59 57 60 59 57 52 2
1 61 58 57 60 58 57 2
1 59 61 57 59 60 57 2
1 62 59 60 61 59 52 2
1 63 61 59 62 60 59 2
1 62 63 59 61 62 59 2
1 64 62 60 63 61 52 2
1 65 63 62 64 62 61 2
1 64 65 62 63 64 61 2
1 66 64 60 65 63 52 2
1 67 65 64 66 64 63 2
1 66 67 64 65 66 63 2
1 68 66 60 67 65 52 2
1 69 67 66 68 66 65 2
1 68 69 66 67 68 65 2
1 70 71 52 69 70 52 2
1 72 73 71 71 72 70 2
1 70 72 71 69 71 70 2
1 51 70 52 51 69 52 2
1 54 72 70 54 71 69 2
1 51 54 70 51 54 69 2
1 74 54 53 73 54 53 2
1 75 74 53 74 73 53 2
1 75 53 56 74 53 56 2
1 76 75 56 75 74 56 2
1 76 56 58 75 56 58 2
1 77 76 58 76 75 58 2
1 77 58 61 76 58 60 2
1 78 77 61 77 76 60 2
1 78 61 63 77 60 62 2
1 79 78 63 78 77 62 2
1 79 63 65 78 62 64 2
1 80 79 65 79 78 64 2
1 80 65 67 79 64 66 2
1 81 80 67 80 79 66 2
1 81 67 69 80 66 68 2
1 82 81 69 81 80 68 2
1 83 73 72 82 72 71 2
1 84 83 72 83 82 71 2
1 84 72 54 83 71 54 2
1 74 84 54 73 83 54 2
1 85 74 75 84 73 74 2
1 86 85 75 85 84 74 2
1 86 75 76 85 74 75 2
1 87 86 76 86 85 75 2
1 87 76 77 86 75 76 2
1 88 87 77 87 86 76 2
1 88 77 78 87 76 77 2
1 89 88 78 88 87 77 2
1 89 78 79 88 77 78 2
1 90 89 79 89 88 78 2
1 90 79 80 89 78 79 2
1 91 90 80 90 89 79 2
1 91 80 81 90 79 80 2
1 92 91 81 91 90 80 2
1 92 81 82 91 80 81 2
1 93 92 82 92 91 81 2
1 94 83 84 93 82 83 2
1 95 94 84 94 93 83 2
1 95 84 74 94 83 73 2
1 85 95 74 84 94 73 2
1 96 97 98 95 95 95 3
1 99 97 96 95 95 95 3
1 100 97 99 95 95 95 3
1 101 97 100 95 95 95 3
1 102 97 101 95 95 95 3
1 103 97 102 95 95 95 3
1 104 97 103 95 95 95 3
1 105 97 104 95 95 95 3
1 106 97 105 95 95 95 3
1 98 97 106 95 95 95 3
1 107 108 109 96 97 98 2
1 110 107 109 99 96 98 2
1 111 112 108 100 101 97 2
1 107 111 108 96 100 97 2
1 113 114 112 102 103 101 2
1 111 113 112 100 102 101 2
1 110 109 114 99 98 103 2
1 113 110 114 102 99 103 2
1 115 107 110 104 96 99 2
1 116 115 110 105 104 99 2
1 117 111 107 106 100 96 2
1 115 117 107 104 106 96 2
1 118 113 111 107 102 100 2
1 117 118 111 106 107 100 2
1 116 110 113 105 99 102 2
1 118 116 113 107 105 102 2
1 119 115 116 108 104 105 2
1 120 119 116 109 108 105 2
1 121 117 115 110 106 104 2
1 119 121 115 108 110 104 2
1 122 118 117 111 107 106 2
1 121 122 117 110 111 106 2
1 120 116 118 109 105 107 2
1 122 120 118 111 109 107 2
1 123 119 120 112 108 109 2
1 123 121 119 112 110 108 2
1 123 122 121 112 111 110 2
1 123 120 122 112 109 111 2
1 124 125 126 113 114 115 2
1 127 124 126 116 113 115 2
1 128 129 125 117 118 114 2
1 124 128 125 113 117 114 2
1 130 131 129 119 120 118 2
1 128 130 129 117 119 118 2
1 127 126 131 116 115 120 2
1 130 127 131 119 116 120 2
1 132 124 127 121 113 116 2
1 133 132 127 122 121 116 2
1 134 128 124 123 117 113 2
1 132 134 124 121 123 113 2
1 135 130 128 124 119 117 2
1 134 135 128 123 124 117 2
1 133 127 130 122 116 119 2
1 135 133 130 124 122 119 2
1 136 132 133 125 121 122 2
1 137 136 133 126 125 122 2
1 138 134 132 127 123 121 2
1 136 138 132 125 127 121 2
1 139 135 134 128 124 123 2
1 138 139 134 127 128 123 2
1 137 133 135 126 122 124 2
1 139 137 135 128 126 124 2
1 140 136 137 129 125 126 2
1 140 138 136 129 127 125 2
1 140 139 138 129 128 127 2
1 140 137 139 129 126 128 2
1 141 142 143 130 131 132 2
1 144 141 143 133 130 132 2
1 145 146 142 134 135 131 2
1 141 145 142 130 134 131 2
1 147 148 146 136 137 135 2
1 145 147 146 134 136 135 2
1 144 143 148 133 132 137 2
1 147 144 148 136 133 137 2
1 149 141 144 138 130 133 2
1 150 149 144 139 138 133 2
1 151 145 141 140 134 130 2
1 149 151 141 138 140 130 2
1 152 147 145 141 136 134 2
1 151 152 145 140 141 134 2
1 150 144 147 139 133 136 2
1 152 150 147 141 139 136 2
1 153 149 150 142 138 139 2
1 154 153 150 143 142 139 2
1 155 151 149 144 140 138 2
1 153 155 149 142 144 138 2
1 156 152 151 145 141 140 2
1 155 156 151 144 145 140 2
1 154 150 152 143 139 141 2
1 156 154 152 145 143 141 2
1 157 153 154 146 142 143 2
1 157 155 153 146 144 142 2
1 157 156 155 146 145 144 2
1 157 154 156 146 143 145 2
1 158 159 160 147 148 149 2
1 161 158 160 150 147 149 2
1 162 163 159 151 152 148 2
1 158 162 159 147 151 148 2
1 164 165 163 153 154 152 2
1 162 164 163 151 153 152 2
1 161 160 165 150 149 154 2
1 164 161 165 153 150 154 2
1 166 158 161 155 147 150 2
1 167 166 161 156 155 150 2
1 168 162 158 157 151 147 2
1 166 168 158 155 157 147 2
1 169 164 162 158 153 151 2
1 168 169 162 157 158 151 2
1 167 161 164 156 150 153 2
1 169 167 164 158 156 153 2
1 170 166 167 159 155 156 2
1 171 170 167 160 159 156 2
1 172 168 166 161 157 155 2
1 170 172 166 159 161 155 2
1 173 169 168 162 158 157 2
1 172 173 168 161 162 157 2
1 171 167 169 160 156 158 2
1 173 171 169 162 160 158 2
1 174 170 171 163 159 160 2
1 174 172 170 163 161 159 2
1 174 173 172 163 162 161 2
1 174 171 173 163 160 162 2
1 175 176 177 164 165 166 2
1 178 175 177 167 164 166 2
1 179 180 176 168 169 165 2
1 175 179 176 164 168 165 2
1 181 182 180 170 171 169 2
1 179 181 180 168 170 169 2
1 178 177 182 167 166 171 2
1 181 178 182 170 167 171 2
1 183 175 178 172 164 167 2
1 184 183 178 173 172 167 2
1 185 179 175 174 168 164 2
1 183 185 175 172 174 164 2
1 186 181 179 175 170 168 2
1 185 186 179 174 175 168 2
1 184 178 181 173 167 170 2
1 186 184 181 175 173 170 2
1 187 183 184 176 172 173 2
1 188 187 184 177 176 173 2
1 189 185 183 178 174 172 2
1 187 189 183 176 178 172 2
1 190 186 185 179 175 174 2
1 189 190 185 178 179 174 2
1 188 184 186 177 173 175 2
1 190 188 186 179 177 175 2
1 191 187 188 180 176 177 2
1 191 189 187 180 178 176 2
1 191 190 189 180 179 178 2
1 191 188 190 180 177 179 2
1 192 193 194 181 182 183 2
1 195 192 194 184 181 183 2
1 196 197 193 185 186 182 2
1 192 196 193 181 185 182 2
1 198 199 197 187 188 186 2
1 196 198 197 185 187 186 2
1 195 194 199 184 183 188 2
1 198 195 199 187 184 188 2
1 200 192 195 189 181 184 2
1 201 200 195 190 189 184 2
1 202 196 192 191 185 181 2
1 200 202 192 189 191 181 2
1 203 198 196 192 187 185 2
1 202 203 196 191 192 185 2
1 201 195 198 190 184 187 2
1 203 201 198 192 190 187 2
1 204 200 201 193 189 190 2
1 205 204 201 194 193 190 2
1 206 202 200 195 191 189 2
1 204 206 200 193 195 189 2
1 207 203 202 196 192 191 2
1 206 207 202 195 196 191 2
1 205 201 203 194 190 192 2
1 207 205 203 196 194 192 2
1 208 204 205 197 193 194 2
1 208 206 204 197 195 193 2
1 208 207 206 197 196 195 2
1 208 205 207 197 194 196 2
1 209 210 211 198 199 200 2
1 212 209 211 201 198 200 2
1 213 214 210 202 203 199 2
1 209 213 210 198 202 199 2
1 215 216 214 204 205 203 2
1 213 215 214 202 204 203 2
1 212 211 216 201 200 205 2
1 215 212 216 204 201 205 2
1 217 209 212 206 198 201 2
1 218 217 212 207 206 201 2
1 219 213 209 208 202 198 2
1 217 219 209 206 208 198 2
1 220 215 213 209 204 202 2
1 219 220 213 208 209 202 2
1 218 212 215 207 201 204 2
1 220 218 215 209 207 204 2
1 221 217 218 210 206 207 2
1 222 221 218 211 210 207 2
1 223 219 217 212 208 206 2
1 221 223 217 210 212 206 2
1 224 220 219 213 209 208 2
1 223 224 219 212 213 208 2
1 222 218 220 211 207 209 2
1 224 222 220 213 211 209 2
1 225 221 222 214 210 211 2
1 225 223 221 214 212 210 2
1 225 224 223 214 213 212 2
1 225 222 224 214 211 213 2
1 226 227 228 215 216 217 2
1 229 226 228 218 215 217 2
1 230 231 227 219 220 216 2
1 226 230 227 215 219 216 2
1 232 233 231 221 222 220 2
1 230 232 231 219 221 220 2
1 229 228 233 218 217 222 2
1 232 229 233 221 218 222 2
1 234 226 229 223 215 218 2
1 235 234 229 224 223 218 2
1 236 230 226 225 219 215 2
1 234 236 226 223 225 215 2
1 237 232 230 226 221 219 2
1 236 237 230 225 226 219 2
1 235 229 232 224 218 221 2
1 237 235 232 226 224 221 2
1 238 234 235 227 223 224 2
1 239 238 235 228 227 224 2
1 240 236 234 229 225 223 2
1 238 240 234 227 229 223 2
1 241 237 236 230 226 225 2
1 240 241 236 229 230 225 2
1 239 235 237 228 224 226 2
1 241 239 237 230 228 226 2
1 242 238 239 231 227 228 2
1 242 240 238 231 229 227 2
1 242 241 240 231 230 229 2
1 242 239 241 231 228 230 2
1 243 244 245 232 233 234 2
1 246 243 245 235 232 234 2
1 247 248 244 236 237 233 2
1 243 247 244 232 236 233 2
1 249 250 248 238 239 237 2
1 247 249 248 236 238 237 2
1 246 245 250 235 234 239 2
1 249 246 250 238 235 239 2
1 251 243 246 240 232 235 2
1 252 251 246 241 240 235 2
1 253 247 243 242 236 232 2
1 251 253 243 240 242 232 2
1 254 249 247 243 238 236 2
1 253 254 247 242 243 236 2
1 252 246 249 241 235 238 2
1 254 252 249 243 241 238 2
1 255 251 252 244 240 241 2
1 256 255 252 245 244 241 2
1 257 253 251 246 242 240 2
1 255 257 251 244 246 240 2
1 258 254 253 247 243 242 2
1 257 258 253 246 247 242 2
1 256 252 254 245 241 243 2
1 258 256 254 247 245 243 2
1 259 255 256 248 244 245 2
1 259 257 255 248 246 244 2
1 259 258 257 248 247 246 2
1 259 256 258 248 245 247 2
1 260 261 262 249 250 251 2
1 263 260 262 252 249 251 2
1 264 265 261 253 254 250 2
1 260 264 261 249 253 250 2
1 266 267 265 255 256 254 2
1 264 266 265 253 255 254 2
1 263 262 267 252 251 256 2
1 266 263 267 255 252 256 2
1 268 260 263 257 249 252 2
1 269 268 263 258 257 252 2
1 270 264 260 259 253 249 2
1 268 270 260 257 259 249 2
1 271 266 264 260 255 253 2
1 270 271 264 259 260 253 2
1 269 263 266 258 252 255 2
1 271 269 266 260 258 255 2
1 272 268 269 261 257 258 2
1 273 272 269 262 261 258 2
1 274 270 268 263 259 257 2
1 272 274 268 261 263 257 2
1 275 271 270 264 260 259 2
1 274 275 270 263 264 259 2
1 273 269 271 262 258 260 2
1 275 273 271 264 262 260 2
1 276 272 273 265 261 262 2
1 276 274 272 265 263 261 2
1 276 275 274 265 264 263 2
1 276 273 275 265 262 264 2
1 277 278 279 266 267 268 2
1 280 277 279 269 266 268 2
1 281 282 278 270 271 267 2
1 277 281 278 266 270 267 2
1 283 284 282 272 273 271 2
1 281 283 282 270 272 271 2
1 280 279 284 269 268 273 2
1 283 280 284 272 269 273 2
1 285 277 280 274 266 269 2
1 286 285 280 275 274 269 2
1 287 281 277 276 270 266 2
1 285 287 277 274 276 266 2
1 288 283 281 277 272 270 2
1 287 288 281 276 277 270 2
1 286 280 283 275 269 272 2
1 288 286 283 277 275 272 2
1 289 285 286 278 274 275 2
1 290 289 286 279 278 275 2
1 291 287 285 280 276 274 2
1 289 291 285 278 280 274 2
1 292 288 287 281 277 276 2
1 291 292 287 280 281 276 2
1 290 286 288 279 275 277 2
1 292 290 288 281 279 277 2
1 293 289 290 282 278 279 2
1 293 291 289 282 280 278 2
1 293 292 291 282 281 280 2
1 293 290 292 282 279 281 2
1 294 295 296 283 284 285 2
1 297 294 296 286 283 285 2
1 298 299 295 287 288 284 2
1 294 298 295 283 287 284 2
1 300 301 299 289 290 288 2
1 298 300 299 287 289 288 2
1 297 296 301 286 285 290 2
1 300 297 301 289 286 290 2
1 302 294 297 291 283 286 2
1 303 302 297 292 291 286 2
1 304 298 294 293 287 283 2
1 302 304 294 291 293 283 2
1 305 300 298 294 289 287 2
1 304 305 298 293 294 287 2
1 303 297 300 292 286 289 2
1 305 303 300 294 292 289 2
1 306 302 303 295 291 292 2
1 307 306 303 296 295 292 2
1 308 304 302 297 293 291 2
1 306 308 302 295 297 291 2
1 309 305 304 298 294 293 2
1 308 309 304 297 298 293 2
1 307 303 305 296 292 294 2
1 309 307 305 298 296 294 2
1 310 306 307 299 295 296 2
1 310 308 306 299 297 295 2
1 310 309 308 299 298 297 2
1 310 307 309 299 296 298 2
1 311 312 313 300 301 302 2
1 314 311 313 303 300 302 2
1 315 316 312 304 305 301 2
1 311 315 312 300 304 301 2
1 317 318 316 306 307 305 2
1 315 317 316 304 306 305 2
1 314 313 318 303 302 307 2
1 317 314 318 306 303 307 2
1 319 311 314 308 300 303 2
1 320 319 314 309 308 303 2
1 321 315 311 310 304 300 2
1 319 321 311 308 310 300 2
1 322 317 315 311 306 304 2
1 321 322 315 310 311 304 2
1 320 314 317 309 303 306 2
1 322 320 317 311 309 306 2
1 323 319 320 312 308 309 2
1 324 323 320 313 312 309 2
1 325 321 319 314 310 308 2
1 323 325 319 312 314 308 2
1 326 322 321 315 311 310 2
1 325 326 321 314 315 310 2
1 324 320 322 313 309 311 2
1 326 324 322 315 313 311 2
1 327 323 324 316 312 313 2
1 327 325 323 316 314 312 2
1 327 326 325 316 315 314 2
1 327 324 326 316 313 315 2
1 328 329 330 317 318 319 2
1 331 328 330 320 317 319 2
1 332 333 329 321 322 318 2
1 328 332 329 317 321 318 2
1 334 335 333 323 324 322 2
1 332 334 333 321 323 322 2
1 331 330 335 320 319 324 2
1 334 331 335 323 320 324 2
1 336 328 331 325 317 320 2
1 337 336 331 326 325 320 2
1 338 332 328 327 321 317 2
1 336 338 328 325 327 317 2
1 339 334 332 328 323 321 2
1 338 339 332 327 328 321 2
1 337 331 334 326 320 323 2
1 339 337 334 328 326 323 2
1 340 336 337 329 325 326 2
1 341 340 337 330 329 326 2
1 342 338 336 331 327 325 2
1 340 342 336 329 331 325 2
1 343 339 338 332 328 327 2
1 342 343 338 331 332 327 2
1 341 337 339 330 326 328 2
1 343 341 339 332 330 328 2
1 344 340 341 333 329 330 2
1 344 342 340 333 331 329 2
1 344 343 342 333 332 331 2
1 344 341 343 333 330 332 2

Materials: 1
"Material01"
0.200000 0.200000 0.200000 1.000000
0.800000 0.800000 0.800000 1.000000
0.000000 0.000000 0.000000 1.000000
0.000000 0.000000 0.000000 1.000000
128.000000
1.000000
"plant02b.jpg"
""

Bones: 0
GroupComments: 0
MaterialComments: 0
BoneComments: 0
ModelComment: 0
