// MilkShape 3D ASCII

Block: 1
Frames: 30
Frame: 1

Meshes: 1
"Box01" 1 0
100
1 -1.500000 6.000000 1.500000 0.000000 0.000000 -1
1 -1.500000 4.500000 1.500000 0.000000 0.250000 -1
1 -0.750000 6.000000 1.500000 0.250000 0.000000 -1
1 -1.500000 0.000000 1.500000 0.000000 1.000000 -1
1 -0.750000 0.000000 1.500000 0.250000 1.000000 -1
1 -0.750000 1.500000 1.500000 0.250000 0.750000 -1
1 1.500000 6.000000 1.500000 0.000000 0.000000 -1
1 1.500000 4.500000 1.500000 0.000000 0.250000 -1
1 1.500000 6.000000 0.750000 0.250000 0.000000 -1
1 1.500000 0.000000 1.500000 0.000000 1.000000 -1
1 1.500000 0.000000 0.750000 0.250000 1.000000 -1
1 1.500000 1.500000 0.750000 0.250000 0.750000 -1
1 1.500000 6.000000 -1.500000 0.000000 0.000000 -1
1 1.500000 4.500000 -1.500000 0.000000 0.250000 -1
1 0.750000 6.000000 -1.500000 0.250000 0.000000 -1
1 1.500000 0.000000 -1.500000 0.000000 1.000000 -1
1 0.750000 0.000000 -1.500000 0.250000 1.000000 -1
1 0.750000 1.500000 -1.500000 0.250000 0.750000 -1
1 -1.500000 6.000000 -1.500000 0.000000 0.000000 -1
1 -1.500000 4.500000 -1.500000 0.000000 0.250000 -1
1 -1.500000 6.000000 -0.750000 0.250000 0.000000 -1
1 -1.500000 0.000000 -1.500000 0.000000 1.000000 -1
1 -1.500000 0.000000 -0.750000 0.250000 1.000000 -1
1 -1.500000 1.500000 -0.750000 0.250000 0.750000 -1
1 1.500000 6.000000 1.500000 1.000000 0.000000 -1
1 0.750000 6.000000 1.500000 0.750000 0.000000 -1
1 0.750000 4.500000 1.500000 0.750000 0.250000 -1
1 -1.500000 1.500000 1.500000 0.000000 0.750000 -1
1 -1.500000 3.000000 1.500000 0.000000 0.500000 -1
1 -0.750000 3.000000 1.500000 0.250000 0.500000 -1
1 -0.750000 4.500000 1.500000 0.250000 0.250000 -1
1 1.500000 4.500000 1.500000 1.000000 0.250000 -1
1 1.500000 0.000000 1.500000 1.000000 1.000000 -1
1 1.500000 1.500000 1.500000 1.000000 0.750000 -1
1 0.750000 0.000000 1.500000 0.750000 1.000000 -1
1 0.000000 0.000000 1.500000 0.500000 1.000000 -1
1 0.750000 1.500000 1.500000 0.750000 0.750000 -1
1 0.000000 1.500000 1.500000 0.500000 0.750000 -1
1 1.500000 6.000000 -1.500000 1.000000 0.000000 -1
1 1.500000 6.000000 -0.750000 0.750000 0.000000 -1
1 1.500000 4.500000 -0.750000 0.750000 0.250000 -1
1 1.500000 1.500000 1.500000 0.000000 0.750000 -1
1 1.500000 3.000000 1.500000 0.000000 0.500000 -1
1 1.500000 3.000000 0.750000 0.250000 0.500000 -1
1 1.500000 4.500000 0.750000 0.250000 0.250000 -1
1 1.500000 4.500000 -1.500000 1.000000 0.250000 -1
1 1.500000 0.000000 -1.500000 1.000000 1.000000 -1
1 1.500000 1.500000 -1.500000 1.000000 0.750000 -1
1 1.500000 0.000000 -0.750000 0.750000 1.000000 -1
1 1.500000 0.000000 0.000000 0.500000 1.000000 -1
1 1.500000 1.500000 -0.750000 0.750000 0.750000 -1
1 1.500000 1.500000 0.000000 0.500000 0.750000 -1
1 -1.500000 6.000000 -1.500000 1.000000 0.000000 -1
1 -0.750000 6.000000 -1.500000 0.750000 0.000000 -1
1 -0.750000 4.500000 -1.500000 0.750000 0.250000 -1
1 1.500000 1.500000 -1.500000 0.000000 0.750000 -1
1 1.500000 3.000000 -1.500000 0.000000 0.500000 -1
1 0.750000 3.000000 -1.500000 0.250000 0.500000 -1
1 0.750000 4.500000 -1.500000 0.250000 0.250000 -1
1 -1.500000 4.500000 -1.500000 1.000000 0.250000 -1
1 -1.500000 0.000000 -1.500000 1.000000 1.000000 -1
1 -1.500000 1.500000 -1.500000 1.000000 0.750000 -1
1 -0.750000 0.000000 -1.500000 0.750000 1.000000 -1
1 0.000000 0.000000 -1.500000 0.500000 1.000000 -1
1 -0.750000 1.500000 -1.500000 0.750000 0.750000 -1
1 0.000000 1.500000 -1.500000 0.500000 0.750000 -1
1 -1.500000 6.000000 1.500000 1.000000 0.000000 -1
1 -1.500000 6.000000 0.750000 0.750000 0.000000 -1
1 -1.500000 4.500000 0.750000 0.750000 0.250000 -1
1 -1.500000 1.500000 -1.500000 0.000000 0.750000 -1
1 -1.500000 3.000000 -1.500000 0.000000 0.500000 -1
1 -1.500000 3.000000 -0.750000 0.250000 0.500000 -1
1 -1.500000 4.500000 -0.750000 0.250000 0.250000 -1
1 -1.500000 4.500000 1.500000 1.000000 0.250000 -1
1 -1.500000 0.000000 1.500000 1.000000 1.000000 -1
1 -1.500000 1.500000 1.500000 1.000000 0.750000 -1
1 -1.500000 0.000000 0.750000 0.750000 1.000000 -1
1 -1.500000 0.000000 0.000000 0.500000 1.000000 -1
1 -1.500000 1.500000 0.750000 0.750000 0.750000 -1
1 -1.500000 1.500000 0.000000 0.500000 0.750000 -1
1 0.000000 6.000000 1.500000 0.500000 0.000000 -1
1 0.000000 3.000000 1.500000 0.500000 0.500000 -1
1 1.500000 6.000000 0.000000 0.500000 0.000000 -1
1 1.500000 3.000000 0.000000 0.500000 0.500000 -1
1 0.000000 6.000000 -1.500000 0.500000 0.000000 -1
1 0.000000 3.000000 -1.500000 0.500000 0.500000 -1
1 -1.500000 6.000000 0.000000 0.500000 0.000000 -1
1 -1.500000 3.000000 0.000000 0.500000 0.500000 -1
1 0.000000 4.500000 1.500000 0.500000 0.250000 -1
1 1.500000 3.000000 1.500000 1.000000 0.500000 -1
1 0.750000 3.000000 1.500000 0.750000 0.500000 -1
1 1.500000 4.500000 0.000000 0.500000 0.250000 -1
1 1.500000 3.000000 -1.500000 1.000000 0.500000 -1
1 1.500000 3.000000 -0.750000 0.750000 0.500000 -1
1 0.000000 4.500000 -1.500000 0.500000 0.250000 -1
1 -1.500000 3.000000 -1.500000 1.000000 0.500000 -1
1 -0.750000 3.000000 -1.500000 0.750000 0.500000 -1
1 -1.500000 4.500000 0.000000 0.500000 0.250000 -1
1 -1.500000 3.000000 1.500000 1.000000 0.500000 -1
1 -1.500000 3.000000 0.750000 0.750000 0.500000 -1
4
0.000000 0.000000 1.000000
1.000000 0.000000 0.000000
0.000000 0.000000 -1.000000
-1.000000 0.000000 0.000000
128
1 0 1 2 0 0 0 1
1 3 4 5 0 0 0 1
1 6 7 8 1 1 1 2
1 9 10 11 1 1 1 2
1 12 13 14 2 2 2 1
1 15 16 17 2 2 2 1
1 18 19 20 3 3 3 2
1 21 22 23 3 3 3 2
1 24 25 26 0 0 0 1
1 3 5 27 0 0 0 1
1 28 29 30 0 0 0 1
1 24 26 31 0 0 0 1
1 32 33 34 0 0 0 1
1 35 36 37 0 0 0 1
1 38 39 40 1 1 1 2
1 9 11 41 1 1 1 2
1 42 43 44 1 1 1 2
1 38 40 45 1 1 1 2
1 46 47 48 1 1 1 2
1 49 50 51 1 1 1 2
1 52 53 54 2 2 2 1
1 15 17 55 2 2 2 1
1 56 57 58 2 2 2 1
1 52 54 59 2 2 2 1
1 60 61 62 2 2 2 1
1 63 64 65 2 2 2 1
1 66 67 68 3 3 3 2
1 21 23 69 3 3 3 2
1 70 71 72 3 3 3 2
1 66 68 73 3 3 3 2
1 74 75 76 3 3 3 2
1 77 78 79 3 3 3 2
1 80 2 30 0 0 0 1
1 28 30 1 0 0 0 1
1 1 30 2 0 0 0 1
1 81 5 37 0 0 0 1
1 35 37 4 0 0 0 1
1 4 37 5 0 0 0 1
1 82 8 44 1 1 1 2
1 42 44 7 1 1 1 2
1 7 44 8 1 1 1 2
1 83 11 51 1 1 1 2
1 49 51 10 1 1 1 2
1 10 51 11 1 1 1 2
1 84 14 58 2 2 2 1
1 56 58 13 2 2 2 1
1 13 58 14 2 2 2 1
1 85 17 65 2 2 2 1
1 63 65 16 2 2 2 1
1 16 65 17 2 2 2 1
1 86 20 72 3 3 3 2
1 70 72 19 3 3 3 2
1 19 72 20 3 3 3 2
1 87 23 79 3 3 3 2
1 77 79 22 3 3 3 2
1 22 79 23 3 3 3 2
1 81 26 88 0 0 0 1
1 80 88 25 0 0 0 1
1 25 88 26 0 0 0 1
1 28 27 29 0 0 0 1
1 81 29 5 0 0 0 1
1 5 29 27 0 0 0 1
1 80 30 88 0 0 0 1
1 81 88 29 0 0 0 1
1 29 88 30 0 0 0 1
1 89 31 90 0 0 0 1
1 81 90 26 0 0 0 1
1 26 90 31 0 0 0 1
1 35 34 36 0 0 0 1
1 89 36 33 0 0 0 1
1 33 36 34 0 0 0 1
1 81 37 90 0 0 0 1
1 89 90 36 0 0 0 1
1 36 90 37 0 0 0 1
1 83 40 91 1 1 1 2
1 82 91 39 1 1 1 2
1 39 91 40 1 1 1 2
1 42 41 43 1 1 1 2
1 83 43 11 1 1 1 2
1 11 43 41 1 1 1 2
1 82 44 91 1 1 1 2
1 83 91 43 1 1 1 2
1 43 91 44 1 1 1 2
1 92 45 93 1 1 1 2
1 83 93 40 1 1 1 2
1 40 93 45 1 1 1 2
1 49 48 50 1 1 1 2
1 92 50 47 1 1 1 2
1 47 50 48 1 1 1 2
1 83 51 93 1 1 1 2
1 92 93 50 1 1 1 2
1 50 93 51 1 1 1 2
1 85 54 94 2 2 2 1
1 84 94 53 2 2 2 1
1 53 94 54 2 2 2 1
1 56 55 57 2 2 2 1
1 85 57 17 2 2 2 1
1 17 57 55 2 2 2 1
1 84 58 94 2 2 2 1
1 85 94 57 2 2 2 1
1 57 94 58 2 2 2 1
1 95 59 96 2 2 2 1
1 85 96 54 2 2 2 1
1 54 96 59 2 2 2 1
1 63 62 64 2 2 2 1
1 95 64 61 2 2 2 1
1 61 64 62 2 2 2 1
1 85 65 96 2 2 2 1
1 95 96 64 2 2 2 1
1 64 96 65 2 2 2 1
1 87 68 97 3 3 3 2
1 86 97 67 3 3 3 2
1 67 97 68 3 3 3 2
1 70 69 71 3 3 3 2
1 87 71 23 3 3 3 2
1 23 71 69 3 3 3 2
1 86 72 97 3 3 3 2
1 87 97 71 3 3 3 2
1 71 97 72 3 3 3 2
1 98 73 99 3 3 3 2
1 87 99 68 3 3 3 2
1 68 99 73 3 3 3 2
1 77 76 78 3 3 3 2
1 98 78 75 3 3 3 2
1 75 78 76 3 3 3 2
1 87 79 99 3 3 3 2
1 98 99 78 3 3 3 2
1 78 99 79 3 3 3 2

Materials: 1
"Material01"
0.200000 0.200000 0.200000 1.000000
0.800000 0.800000 0.800000 1.000000
0.000000 0.000000 0.000000 1.000000
0.000000 0.000000 0.000000 1.000000
0.000000
1.000000
"wall01.bmp"
""

Bones: 0
GroupComments: 0
MaterialComments: 0
BoneComments: 0
ModelComment: 0
