// MilkShape 3D ASCII

Block: 0
Frames: 30
Frame: 1

Meshes: 1
"plant" 0 0
345
1 0.028665 1.061540 -0.041084 0.664572 0.029055 -1
1 0.046061 1.061540 0.000914 0.664572 0.061905 -1
1 0.046061 0.652431 0.000914 0.984572 0.061905 -1
1 0.028665 0.652431 -0.041084 0.984572 0.029055 -1
1 0.028665 1.470650 -0.041084 0.344572 0.029055 -1
1 0.046061 1.470650 0.000914 0.344572 0.061905 -1
1 0.028665 1.879767 -0.041084 0.024572 0.029055 -1
1 0.046061 1.879767 0.000914 0.024572 0.061905 -1
1 -0.013332 1.879767 0.000914 0.024572 0.061905 -1
1 -0.013332 1.061540 -0.058480 0.664572 0.015448 -1
1 -0.013332 0.652431 -0.058480 0.984572 0.015448 -1
1 -0.013332 1.470650 -0.058480 0.344572 0.015448 -1
1 -0.013332 1.879767 -0.058480 0.024572 0.015448 -1
1 -0.055330 1.061540 -0.041084 0.664572 0.029055 -1
1 -0.055330 0.652431 -0.041084 0.984572 0.029055 -1
1 -0.055330 1.470650 -0.041084 0.344572 0.029055 -1
1 -0.055330 1.879767 -0.041084 0.024572 0.029055 -1
1 -0.072726 1.061540 0.000914 0.664572 0.061905 -1
1 -0.072726 0.652431 0.000914 0.984572 0.061905 -1
1 -0.072726 1.470650 0.000914 0.344572 0.061905 -1
1 -0.072726 1.879767 0.000914 0.024572 0.061905 -1
1 -0.055330 1.061540 0.042911 0.664572 0.094755 -1
1 -0.055330 0.652431 0.042911 0.984572 0.094755 -1
1 -0.055330 1.470650 0.042911 0.344572 0.094755 -1
1 -0.055330 1.879767 0.042911 0.024572 0.094755 -1
1 -0.013332 1.061540 0.060307 0.664572 0.108361 -1
1 -0.013332 0.652431 0.060307 0.984572 0.108361 -1
1 -0.013332 1.470650 0.060307 0.344572 0.108361 -1
1 -0.013332 1.879767 0.060307 0.024572 0.108361 -1
1 0.028665 1.061540 0.042911 0.664572 0.094755 -1
1 0.028665 0.652431 0.042911 0.984572 0.094755 -1
1 0.028665 1.470650 0.042911 0.344572 0.094755 -1
1 0.028665 1.879767 0.042911 0.024572 0.094755 -1
1 0.177569 2.070383 0.122667 0.206793 0.460806 -1
1 -0.023553 1.875269 0.026716 0.015116 0.359890 -1
1 -0.016367 1.863310 0.026716 0.015116 0.359890 -1
1 0.196093 2.053699 0.122667 0.206793 0.460806 -1
1 0.177569 2.070383 -0.120839 0.206793 0.204699 -1
1 -0.023553 1.875269 -0.024888 0.015116 0.305615 -1
1 0.196093 2.053699 -0.120839 0.206793 0.204699 -1
1 -0.016367 1.863310 -0.024888 0.015116 0.305615 -1
1 0.547613 2.284865 0.093566 0.473683 0.430199 -1
1 0.555093 2.273343 0.093566 0.473683 0.430199 -1
1 0.547613 2.284865 -0.091738 0.473683 0.235306 -1
1 0.555093 2.273343 -0.091738 0.473683 0.235306 -1
1 0.902390 2.358844 0.051024 0.699583 0.385456 -1
1 0.906436 2.349310 0.051024 0.699583 0.385456 -1
1 0.902390 2.358844 -0.049196 0.699583 0.280049 -1
1 0.906436 2.349310 -0.049196 0.699583 0.280049 -1
1 1.409874 2.231230 0.000031 0.992503 0.331824 -1
1 0.304157 -0.003338 -0.222914 0.168757 0.993619 -1
1 0.376884 -0.003338 0.000913 0.118795 0.993619 -1
1 -0.003915 -0.003338 0.000913 -0.006109 0.993619 -1
1 0.411059 0.816807 -0.300582 0.168757 0.494000 -1
1 0.509021 0.816807 0.000914 0.118795 0.494000 -1
1 0.113758 -0.003338 -0.361248 0.218719 0.993619 -1
1 0.154591 0.816807 -0.486918 0.218719 0.494000 -1
1 -0.121588 -0.003338 -0.361248 0.268681 0.993619 -1
1 -0.162421 0.816807 -0.486918 0.268681 0.494000 -1
1 -0.311988 -0.003338 -0.222914 0.318643 0.993619 -1
1 -0.003915 -0.003338 0.000913 0.493510 0.993619 -1
1 -0.418889 0.816807 -0.300582 0.318643 0.494000 -1
1 -0.384714 -0.003338 0.000913 0.368605 0.993619 -1
1 -0.516851 0.816807 0.000914 0.368605 0.494000 -1
1 -0.311988 -0.003338 0.224741 0.418567 0.993619 -1
1 -0.418889 0.816807 0.302410 0.418567 0.494000 -1
1 -0.121588 -0.003338 0.363075 0.468529 0.993619 -1
1 -0.162421 0.816807 0.488745 0.468529 0.494000 -1
1 0.113758 -0.003338 0.363075 0.518490 0.993619 -1
1 0.154591 0.816807 0.488745 0.518490 0.494000 -1
1 0.304157 -0.003338 0.224741 0.068833 0.993619 -1
1 0.113758 -0.003338 0.363075 0.018872 0.993619 -1
1 0.411059 0.816807 0.302410 0.068833 0.494000 -1
1 0.154591 0.816807 0.488745 0.018872 0.494000 -1
1 0.409625 0.816807 0.000914 0.118795 0.494000 -1
1 0.330646 0.816807 -0.242159 0.168757 0.494000 -1
1 0.123876 0.816807 -0.392386 0.218719 0.494000 -1
1 -0.131706 0.816807 -0.392386 0.268681 0.494000 -1
1 -0.338476 0.816807 -0.242159 0.318643 0.494000 -1
1 -0.417455 0.816807 0.000914 0.368605 0.494000 -1
1 -0.338476 0.816807 0.243986 0.418567 0.494000 -1
1 -0.131706 0.816807 0.394213 0.468529 0.494000 -1
1 0.123876 0.816807 0.394213 0.518490 0.494000 -1
1 0.123876 0.816807 0.394213 0.018872 0.494000 -1
1 0.330646 0.816807 0.243986 0.068833 0.494000 -1
1 0.409625 0.687901 0.000914 0.118795 0.572527 -1
1 0.330646 0.687901 -0.242159 0.168757 0.572527 -1
1 0.123876 0.687901 -0.392386 0.218719 0.572527 -1
1 -0.131706 0.687901 -0.392386 0.268681 0.572527 -1
1 -0.338476 0.687901 -0.242159 0.318643 0.572527 -1
1 -0.417455 0.687901 0.000914 0.368605 0.572527 -1
1 -0.338476 0.687901 0.243986 0.418567 0.572527 -1
1 -0.131706 0.687901 0.394213 0.468529 0.572527 -1
1 0.123876 0.687901 0.394213 0.518490 0.572527 -1
1 0.123876 0.687901 0.394213 0.018872 0.572527 -1
1 0.330646 0.687901 0.243986 0.068833 0.572527 -1
1 0.330646 0.687901 -0.242159 0.940375 0.620898 -1
1 -0.003915 0.687901 0.000914 0.760190 0.751809 -1
1 0.409625 0.687901 0.000914 0.982911 0.751809 -1
1 0.123876 0.687901 -0.392386 0.829015 0.539990 -1
1 -0.131706 0.687901 -0.392386 0.691366 0.539990 -1
1 -0.338476 0.687901 -0.242159 0.580006 0.620898 -1
1 -0.417455 0.687901 0.000914 0.537470 0.751809 -1
1 -0.338476 0.687901 0.243986 0.580006 0.882721 -1
1 -0.131706 0.687901 0.394213 0.691366 0.963629 -1
1 0.123876 0.687901 0.394213 0.829015 0.963629 -1
1 0.330646 0.687901 0.243986 0.940375 0.882721 -1
1 0.028961 2.106747 0.156661 0.206793 0.460806 -1
1 -0.007799 1.876436 -0.025905 0.015116 0.359890 -1
1 -0.003677 1.865685 -0.018031 0.015116 0.359890 -1
1 0.039586 2.092958 0.174500 0.206793 0.460806 -1
1 0.228429 2.082493 0.019113 0.206793 0.204699 -1
1 0.034472 1.871300 -0.055054 0.015116 0.305615 -1
1 0.239054 2.068704 0.036953 0.206793 0.204699 -1
1 0.038594 1.860541 -0.047180 0.015116 0.305615 -1
1 0.265047 2.367715 0.401495 0.473683 0.430199 -1
1 0.269338 2.357434 0.409529 0.473683 0.430199 -1
1 0.416840 2.349260 0.296824 0.473683 0.235306 -1
1 0.421130 2.338979 0.304858 0.473683 0.235306 -1
1 0.503387 2.486794 0.650819 0.699583 0.385456 -1
1 0.505709 2.477982 0.655740 0.699583 0.385456 -1
1 0.585484 2.476815 0.594209 0.699583 0.280049 -1
1 0.587805 2.468003 0.599129 0.699583 0.280049 -1
1 0.836240 2.428231 1.053567 0.992503 0.331824 -1
1 -0.269397 1.952000 -0.108985 0.206793 0.460806 -1
1 -0.007282 1.843630 -0.023692 0.015116 0.359890 -1
1 -0.009696 1.829892 -0.023316 0.015116 0.359890 -1
1 -0.280690 1.929803 -0.108016 0.206793 0.460806 -1
1 -0.257500 1.956566 0.134187 0.206793 0.204699 -1
1 -0.004761 1.844595 0.027841 0.015116 0.305615 -1
1 -0.268792 1.934368 0.135156 0.206793 0.204699 -1
1 -0.007174 1.830857 0.028217 0.015116 0.305615 -1
1 -0.689831 2.020356 -0.060558 0.473683 0.430199 -1
1 -0.692678 2.006920 -0.060166 0.473683 0.430199 -1
1 -0.680777 2.023830 0.124492 0.473683 0.235306 -1
1 -0.683623 2.010403 0.124884 0.473683 0.235306 -1
1 -1.045024 1.963255 0.000493 0.699583 0.385456 -1
1 -1.045380 1.952898 0.000705 0.699583 0.385456 -1
1 -1.040127 1.965134 0.100576 0.699583 0.280049 -1
1 -1.040483 1.954778 0.100788 0.699583 0.280049 -1
1 -1.469929 1.663455 0.077976 0.992503 0.331824 -1
1 -0.254627 1.990614 0.040528 0.206793 0.460806 -1
1 -0.023828 1.820341 -0.033387 0.015116 0.359890 -1
1 -0.027228 1.808055 -0.027718 0.015116 0.359890 -1
1 -0.265170 1.972965 0.054630 0.206793 0.460806 -1
1 -0.079215 2.018879 0.207039 0.206793 0.204699 -1
1 0.013346 1.826329 0.001901 0.015116 0.305615 -1
1 -0.089757 2.001230 0.221141 0.206793 0.204699 -1
1 0.009945 1.814039 0.007569 0.015116 0.305615 -1
1 -0.513005 2.184502 0.322359 0.473683 0.430199 -1
1 -0.516663 2.172635 0.328226 0.473683 0.430199 -1
1 -0.379519 2.206011 0.449072 0.473683 0.235306 -1
1 -0.383176 2.194149 0.454939 0.473683 0.235306 -1
1 -0.733654 2.241570 0.607328 0.699583 0.385456 -1
1 -0.735218 2.231876 0.610622 0.699583 0.385456 -1
1 -0.661459 2.253201 0.675859 0.699583 0.280049 -1
1 -0.663022 2.243508 0.679153 0.699583 0.280049 -1
1 -1.027084 2.090616 1.016643 0.992503 0.331824 -1
1 0.006105 1.990614 -0.251601 0.206793 0.460806 -1
1 0.047179 1.820341 -0.012761 0.015116 0.359890 -1
1 0.042039 1.808055 -0.016918 0.015116 0.359890 -1
1 -0.006393 1.972965 -0.264004 0.206793 0.460806 -1
1 -0.183199 2.018879 -0.101070 0.206793 0.204699 -1
1 0.007061 1.826329 0.019140 0.015116 0.305615 -1
1 -0.195696 2.001230 -0.113472 0.206793 0.204699 -1
1 0.001921 1.814039 0.014983 0.015116 0.305615 -1
1 -0.237025 2.184502 -0.546688 0.473683 0.430199 -1
1 -0.242325 2.172635 -0.551127 0.473683 0.430199 -1
1 -0.381082 2.206011 -0.432136 0.473683 0.235306 -1
1 -0.386383 2.194149 -0.436574 0.473683 0.235306 -1
1 -0.488512 2.241570 -0.804850 0.699583 0.385456 -1
1 -0.491556 2.231876 -0.806857 0.699583 0.385456 -1
1 -0.566424 2.253201 -0.742895 0.699583 0.280049 -1
1 -0.569468 2.243508 -0.744902 0.699583 0.280049 -1
1 -0.853006 2.090616 -1.152390 0.992503 0.331824 -1
1 0.258410 1.822985 -0.154244 0.206793 0.460806 -1
1 0.006480 1.775719 -0.005849 0.015116 0.359890 -1
1 0.001230 1.764541 -0.012339 0.015116 0.359890 -1
1 0.253680 1.805243 -0.171101 0.206793 0.460806 -1
1 0.082862 1.961442 -0.250719 0.206793 0.204699 -1
1 -0.030722 1.805059 -0.026294 0.015116 0.305615 -1
1 0.078132 1.943701 -0.267576 0.206793 0.204699 -1
1 -0.035973 1.793880 -0.032784 0.015116 0.305615 -1
1 0.483765 1.913782 -0.507450 0.473683 0.430199 -1
1 0.478879 1.902872 -0.514213 0.473683 0.430199 -1
1 0.350176 2.019147 -0.580865 0.473683 0.235306 -1
1 0.345290 2.008237 -0.587629 0.473683 0.235306 -1
1 0.607339 1.906103 -0.850699 0.699583 0.385456 -1
1 0.602639 1.897618 -0.854329 0.699583 0.385456 -1
1 0.535089 1.963095 -0.890405 0.699583 0.280049 -1
1 0.530389 1.954602 -0.894036 0.699583 0.280049 -1
1 0.645944 1.706802 -1.335689 0.992503 0.331824 -1
1 -0.113302 1.334635 -0.088356 0.206793 0.460806 -1
1 -0.004864 1.209765 0.004275 0.015116 0.359890 -1
1 -0.009306 1.202112 0.003084 0.015116 0.359890 -1
1 -0.124753 1.323960 -0.091424 0.206793 0.460806 -1
1 -0.153637 1.334635 0.062178 0.206793 0.204699 -1
1 -0.013412 1.209765 0.036176 0.015116 0.305615 -1
1 -0.165089 1.323960 0.059109 0.206793 0.204699 -1
1 -0.017854 1.202112 0.034986 0.015116 0.305615 -1
1 -0.346881 1.471900 -0.131662 0.473683 0.430199 -1
1 -0.351505 1.464532 -0.132901 0.473683 0.430199 -1
1 -0.377575 1.471900 -0.017108 0.473683 0.235306 -1
1 -0.382199 1.464532 -0.018347 0.473683 0.235306 -1
1 -0.573248 1.519250 -0.164129 0.699583 0.385456 -1
1 -0.575749 1.513148 -0.164799 0.699583 0.385456 -1
1 -0.589849 1.519250 -0.102174 0.699583 0.280049 -1
1 -0.592350 1.513148 -0.102844 0.699583 0.280049 -1
1 -0.895418 1.437575 -0.216668 0.992503 0.331824 -1
1 0.115425 1.128385 -0.072107 0.206793 0.460806 -1
1 -0.003506 1.003516 0.006598 0.015116 0.359890 -1
1 -0.001138 0.995862 0.002656 0.015116 0.359890 -1
1 0.121531 1.117710 -0.082269 0.206793 0.460806 -1
1 -0.018158 1.128385 -0.152372 0.206793 0.204699 -1
1 -0.031816 1.003516 -0.010412 0.015116 0.305615 -1
1 -0.012053 1.117710 -0.162535 0.206793 0.204699 -1
1 -0.029447 0.995862 -0.014354 0.015116 0.305615 -1
1 0.221437 1.265650 -0.284701 0.473683 0.430199 -1
1 0.223902 1.258282 -0.288804 0.473683 0.430199 -1
1 0.119781 1.265650 -0.345781 0.473683 0.235306 -1
1 0.122247 1.258282 -0.349885 0.473683 0.235306 -1
1 0.315042 1.313000 -0.493349 0.699583 0.385456 -1
1 0.316376 1.306898 -0.495570 0.699583 0.385456 -1
1 0.260062 1.313000 -0.526385 0.699583 0.280049 -1
1 0.261396 1.306898 -0.528605 0.699583 0.280049 -1
1 0.454347 1.231325 -0.788559 0.992503 0.331824 -1
1 0.047338 1.448401 0.108391 0.206793 0.460806 -1
1 0.008050 1.368490 0.026005 0.015116 0.359890 -1
1 0.010338 1.363589 0.027857 0.015116 0.359890 -1
1 0.053234 1.441570 0.113166 0.206793 0.460806 -1
1 0.110106 1.448401 0.030878 0.206793 0.204699 -1
1 0.021352 1.368490 0.009578 0.015116 0.305615 -1
1 0.116003 1.441570 0.035653 0.206793 0.204699 -1
1 0.023640 1.363589 0.011431 0.015116 0.305615 -1
1 0.172631 1.536252 0.194513 0.473683 0.430199 -1
1 0.175012 1.531536 0.196442 0.473683 0.430199 -1
1 0.220397 1.536252 0.135528 0.473683 0.235306 -1
1 0.222778 1.531536 0.137456 0.473683 0.235306 -1
1 0.296529 1.566557 0.272423 0.699583 0.385456 -1
1 0.297817 1.562655 0.273465 0.699583 0.385456 -1
1 0.322363 1.566557 0.240520 0.699583 0.280049 -1
1 0.323652 1.562655 0.241564 0.699583 0.280049 -1
1 0.471217 1.514290 0.387005 0.992503 0.331824 -1
1 0.012741 1.812637 0.331662 0.206793 0.460806 -1
1 -0.011162 1.779026 0.038365 0.015116 0.359890 -1
1 -0.009873 1.765221 0.036813 0.015116 0.359890 -1
1 0.018046 1.788593 0.335591 0.206793 0.460806 -1
1 0.231934 1.844469 0.230488 0.206793 0.204699 -1
1 0.035289 1.785773 0.016923 0.015116 0.305615 -1
1 0.237238 1.820434 0.234417 0.206793 0.204699 -1
1 0.036579 1.771968 0.015372 0.015116 0.305615 -1
1 0.221596 1.783390 0.704900 0.473683 0.430199 -1
1 0.223068 1.769778 0.703808 0.473683 0.430199 -1
1 0.388398 1.807619 0.627908 0.473683 0.235306 -1
1 0.389870 1.794006 0.626815 0.473683 0.235306 -1
1 0.416579 1.649784 0.982895 0.699583 0.385456 -1
1 0.416913 1.639722 0.980453 0.699583 0.385456 -1
1 0.506792 1.662884 0.941255 0.699583 0.280049 -1
1 0.507126 1.652822 0.938812 0.699583 0.280049 -1
1 0.653926 1.266808 1.253857 0.992503 0.331824 -1
1 0.144598 1.868564 0.272093 0.206793 0.460806 -1
1 -0.013621 1.751608 0.050707 0.015116 0.359890 -1
1 -0.007075 1.739506 0.048412 0.015116 0.359890 -1
1 0.161698 1.850436 0.271579 0.206793 0.460806 -1
1 0.229333 1.954501 0.060599 0.206793 0.204699 -1
1 0.004336 1.769819 0.005887 0.015116 0.305615 -1
1 0.246434 1.936374 0.060084 0.206793 0.204699 -1
1 0.010883 1.757718 0.003592 0.015116 0.305615 -1
1 0.504981 2.022798 0.445643 0.473683 0.430199 -1
1 0.511811 2.011057 0.443609 0.473683 0.430199 -1
1 0.569464 2.088191 0.284699 0.473683 0.235306 -1
1 0.576293 2.076450 0.282665 0.473683 0.235306 -1
1 0.853511 2.054169 0.549048 0.699583 0.385456 -1
1 0.857154 2.044761 0.546686 0.699583 0.385456 -1
1 0.888386 2.089542 0.462003 0.699583 0.280049 -1
1 0.892029 2.080134 0.459640 0.699583 0.280049 -1
1 1.344940 1.879843 0.616396 0.992503 0.331824 -1
1 -0.226184 1.901143 0.150521 0.206793 0.460806 -1
1 -0.022380 1.770608 -0.020212 0.015116 0.359890 -1
1 -0.024198 1.757097 -0.017253 0.015116 0.359890 -1
1 -0.232718 1.879868 0.161747 0.206793 0.460806 -1
1 -0.013652 1.898566 0.269341 0.206793 0.204699 -1
1 0.022661 1.770063 0.004969 0.015116 0.305615 -1
1 -0.020186 1.877292 0.280567 0.206793 0.204699 -1
1 0.020843 1.756551 0.007928 0.015116 0.305615 -1
1 -0.402815 2.000659 0.528251 0.473683 0.430199 -1
1 -0.404830 1.987492 0.531569 0.473683 0.430199 -1
1 -0.241082 1.998704 0.618671 0.473683 0.235306 -1
1 -0.243095 1.985528 0.621988 0.473683 0.235306 -1
1 -0.542190 1.969759 0.864062 0.699583 0.385456 -1
1 -0.542849 1.959470 0.865017 0.699583 0.385456 -1
1 -0.454718 1.968701 0.912966 0.699583 0.280049 -1
1 -0.455376 1.958412 0.913921 0.699583 0.280049 -1
1 -0.719683 1.701967 1.280247 0.992503 0.331824 -1
1 0.105209 1.738944 -0.217001 0.206793 0.460806 -1
1 0.037309 1.795458 0.065700 0.015116 0.359890 -1
1 0.035603 1.782660 0.070990 0.015116 0.359890 -1
1 0.101378 1.714422 -0.214686 0.206793 0.460806 -1
1 -0.134520 1.778027 -0.199745 0.206793 0.204699 -1
1 -0.013495 1.803741 0.069357 0.015116 0.305615 -1
1 -0.138351 1.753505 -0.197430 0.206793 0.204699 -1
1 -0.015200 1.790943 0.074647 0.015116 0.305615 -1
1 0.021913 1.581496 -0.606942 0.473683 0.430199 -1
1 0.020175 1.568731 -0.602180 0.473683 0.430199 -1
1 -0.160517 1.611238 -0.593811 0.473683 0.235306 -1
1 -0.162255 1.598473 -0.589048 0.473683 0.235306 -1
1 -0.077621 1.354105 -0.874409 0.699583 0.385456 -1
1 -0.078693 1.345226 -0.869189 0.699583 0.385456 -1
1 -0.176287 1.370193 -0.867307 0.699583 0.280049 -1
1 -0.177359 1.361306 -0.862087 0.699583 0.280049 -1
1 -0.219620 0.887576 -1.070904 0.992503 0.331824 -1
1 -0.038602 1.797053 -0.219156 0.206793 0.460806 -1
1 0.043461 1.765993 0.063731 0.015116 0.359890 -1
1 0.036526 1.754529 0.067624 0.015116 0.359890 -1
1 -0.055024 1.778329 -0.218114 0.206793 0.460806 -1
1 -0.184546 1.932849 -0.079316 0.206793 0.204699 -1
1 0.012533 1.794770 0.093366 0.015116 0.305615 -1
1 -0.200968 1.914126 -0.078273 0.206793 0.204699 -1
1 0.005597 1.783306 0.097259 0.015116 0.305615 -1
1 -0.327717 1.858317 -0.529708 0.473683 0.430199 -1
1 -0.334841 1.847096 -0.526247 0.473683 0.430199 -1
1 -0.438778 1.961652 -0.423292 0.473683 0.235306 -1
1 -0.445902 1.950431 -0.419831 0.473683 0.235306 -1
1 -0.627235 1.824479 -0.735363 0.699583 0.385456 -1
1 -0.631430 1.815885 -0.731391 0.699583 0.385456 -1
1 -0.687301 1.880372 -0.677809 0.699583 0.280049 -1
1 -0.691496 1.871770 -0.673836 0.699583 0.280049 -1
1 -1.073799 1.591969 -0.886838 0.992503 0.331824 -1
1 0.276465 1.899171 -0.010289 0.206793 0.460806 -1
1 0.029876 1.805747 0.124580 0.015116 0.359890 -1
1 0.032519 1.792193 0.126613 0.015116 0.359890 -1
1 0.286148 1.876260 -0.011949 0.206793 0.460806 -1
1 0.111053 1.841507 -0.179430 0.206793 0.204699 -1
1 -0.005179 1.793528 0.088735 0.015116 0.305615 -1
1 0.120735 1.818596 -0.181089 0.206793 0.204699 -1
1 -0.002535 1.779974 0.090769 0.015116 0.305615 -1
1 0.561176 1.899674 -0.330792 0.473683 0.430199 -1
1 0.564117 1.886364 -0.329129 0.473683 0.430199 -1
1 0.435300 1.855799 -0.459506 0.473683 0.235306 -1
1 0.438240 1.842480 -0.457843 0.473683 0.235306 -1
1 0.797502 1.784901 -0.584026 0.699583 0.385456 -1
1 0.798422 1.774897 -0.581516 0.699583 0.385456 -1
1 0.729422 1.761167 -0.653641 0.699583 0.280049 -1
1 0.730343 1.751163 -0.651130 0.699583 0.280049 -1
1 1.094915 1.424853 -0.825552 0.992503 0.331824 -1
329
0.707109 0.000000 -0.707104
1.000000 0.000000 0.000004
0.990603 0.000000 -0.136771
0.603751 0.000000 -0.797173
0.707109 0.000000 -0.707104
0.648528 0.581522 -0.491166
0.805884 0.581523 0.111274
0.000000 1.000000 0.000000
0.000004 0.000000 -1.000000
-0.136770 0.000000 -0.990603
0.000005 0.000000 -1.000000
0.111273 0.581523 -0.805884
-0.707107 0.000000 -0.707107
-0.797176 0.000000 -0.603747
-0.707107 0.000000 -0.707107
-0.491166 0.581523 -0.648527
-1.000000 0.000000 0.000004
-0.990602 0.000000 0.136778
-0.805885 0.581523 -0.111266
-0.707104 0.000000 0.707110
-0.603745 0.000000 0.797177
-0.707104 0.000000 0.707110
-0.648524 0.581522 0.491170
0.000005 0.000000 1.000000
0.136778 0.000000 0.990602
-0.111266 0.581523 0.805885
0.707106 0.000000 0.707107
0.797173 0.000000 0.603750
0.491169 0.581522 0.648526
-0.516352 0.502393 0.693528
-0.728317 0.549254 0.409725
0.075901 -0.519379 0.851167
0.412965 -0.588335 0.695214
-0.482385 0.516953 -0.707152
-0.527796 0.137199 -0.838217
0.299534 -0.664625 -0.684510
0.484698 -0.759519 -0.433818
-0.163466 0.696944 0.698247
0.363817 -0.602698 0.710206
-0.220723 0.675174 -0.703862
0.277907 -0.637348 -0.718718
0.099855 0.575447 0.811720
0.119378 -0.813181 0.569637
0.014616 0.835421 -0.549416
0.087593 -0.513267 -0.853747
0.934691 0.355455 -0.001978
0.560386 -0.654301 -0.507796
0.751837 -0.654302 -0.081429
0.000000 -1.000000 0.000000
0.645728 0.667883 -0.370091
0.739939 0.667883 0.080141
0.154888 -0.654302 -0.740202
0.304873 0.667883 -0.678958
-0.309775 -0.654302 -0.689876
-0.152436 0.667884 -0.728488
-0.656112 -0.654301 -0.376041
-0.551518 0.667883 -0.499759
-0.751837 -0.654302 0.081429
-0.739939 0.667884 -0.080140
-0.560386 -0.654302 0.507796
-0.645728 0.667883 0.370090
-0.154887 -0.654302 0.740202
-0.304872 0.667883 0.678959
0.000000 -0.758769 0.651360
0.000000 0.651360 0.758769
0.656111 -0.654302 0.376041
0.490783 -0.550299 0.675502
0.551519 0.667883 0.499759
0.445993 0.651360 0.613857
-0.687240 0.722607 -0.074433
-0.599739 0.722607 0.343732
-0.283158 0.722607 0.630603
0.141579 0.722607 0.676605
0.512238 0.722607 0.464167
0.687240 0.722607 0.074432
0.599739 0.722607 -0.343733
0.283158 0.722607 -0.630603
0.000000 0.447214 -0.894427
-0.262865 0.894427 -0.361804
-0.512238 0.722607 -0.464167
-0.994186 0.000000 0.107676
-0.741022 0.000000 0.671481
-0.204813 0.000000 0.978801
0.409627 0.000000 0.912253
0.867604 0.000000 0.497255
0.994186 0.000000 -0.107677
0.741022 0.000000 -0.671481
0.204813 0.000000 -0.978801
0.000000 0.000000 -1.000000
-0.587785 0.000000 -0.809018
-0.867604 0.000000 -0.497256
-0.864282 0.490376 -0.112022
-0.753383 0.478129 -0.451449
-0.653671 -0.415937 0.632226
-0.332609 -0.451421 0.828004
0.302585 0.370054 -0.878352
0.383890 -0.023433 -0.923081
0.732525 -0.680096 -0.029605
0.633365 -0.722252 0.277850
-0.665740 0.732636 0.141543
-0.373079 -0.471065 0.799318
0.449964 0.563413 -0.692891
0.748142 -0.659715 -0.071122
-0.607649 0.661750 0.439146
-0.398143 -0.727115 0.559273
0.458431 0.770095 -0.443615
0.749592 -0.578038 -0.322466
0.537718 0.482904 0.691132
0.267467 0.640811 -0.719599
0.462154 0.765751 -0.447258
0.073773 -0.528015 -0.846025
-0.208133 -0.710084 -0.672652
0.299012 0.668508 0.680947
0.483843 0.332670 0.809461
-0.007635 -0.714841 0.699245
-0.158502 -0.874407 0.458573
-0.131472 0.696062 -0.705842
-0.157896 -0.706199 -0.690182
-0.001784 0.722534 0.691333
0.004437 -0.680967 0.732300
-0.338976 0.486267 -0.805382
0.152300 -0.812579 -0.562600
-0.286166 0.785007 0.549431
0.143992 -0.494494 0.857171
-0.998699 -0.002605 0.050922
-0.210420 0.448467 -0.868677
0.132744 0.540546 -0.830776
-0.599744 -0.618281 -0.507973
-0.708681 -0.688687 -0.153233
0.773585 0.623472 0.113349
0.946639 0.264894 0.183594
0.372180 -0.597383 0.710363
0.077167 -0.731675 0.677272
-0.478924 0.619722 -0.621753
-0.684156 -0.701730 -0.198759
0.572848 0.764329 0.296051
0.408170 -0.565058 0.717012
-0.725060 0.470329 -0.503070
-0.389719 -0.879487 -0.273169
0.280947 0.891188 0.356164
0.619696 -0.414924 0.666194
-0.680742 0.297163 0.669540
0.889506 0.448473 -0.087469
0.804207 0.540556 0.247083
0.586516 -0.618268 -0.523205
0.250374 -0.688684 -0.680461
-0.219913 0.623469 0.750283
-0.313558 0.264891 0.911874
-0.755246 -0.597387 0.269690
-0.681420 -0.731675 -0.017843
0.682351 0.619733 -0.387723
0.292053 -0.701719 -0.649843
-0.372903 0.764322 0.526076
-0.766840 -0.565060 0.304406
0.599079 0.470342 -0.647983
0.324750 -0.879486 -0.347910
-0.391816 0.891176 0.228661
-0.745940 -0.414959 0.520944
-0.568390 0.296903 -0.767321
0.655133 0.129538 0.744326
0.415043 0.381246 0.826070
0.313544 -0.909725 0.272198
0.261035 -0.960300 -0.098409
-0.335233 0.928782 0.158061
-0.679878 0.717558 0.151251
-0.815718 -0.206789 -0.540225
-0.637565 -0.470489 -0.610042
0.887221 0.189884 0.420456
0.247911 -0.967631 -0.047215
-0.154646 0.984536 -0.082308
-0.829999 -0.160544 -0.534161
0.973730 -0.036465 0.224765
-0.059029 -0.990600 0.123398
0.128206 0.962612 -0.238623
-0.908197 0.061407 -0.414014
0.504252 0.041439 -0.862562
0.678252 0.502398 -0.536256
0.809540 0.549267 -0.207248
0.146990 -0.519377 -0.841808
-0.218963 -0.588339 -0.778404
0.282910 0.516950 0.807914
0.292852 0.137185 0.946265
-0.466496 -0.664631 0.583650
-0.580460 -0.759520 0.293592
0.338620 0.696948 -0.632140
-0.167601 -0.602696 -0.780172
0.031033 0.675185 0.736996
-0.454452 -0.637344 0.622307
0.113642 0.575441 -0.809909
0.032130 -0.813188 -0.581113
-0.156310 0.835425 0.526909
-0.305572 -0.513250 0.801998
-0.903364 0.355416 -0.240028
0.328542 0.502393 0.799789
-0.023894 0.549259 0.835310
0.768684 -0.519397 0.373299
0.808604 -0.588339 0.004079
-0.854579 0.516978 0.049286
-0.990327 0.137201 0.020693
-0.432480 -0.664618 -0.609298
-0.122209 -0.759525 -0.638895
0.514321 0.696942 0.499745
0.796138 -0.602707 0.053932
-0.717002 0.675182 -0.173312
-0.472955 -0.637331 -0.608377
0.747221 0.575427 0.332484
0.549741 -0.813191 0.191061
-0.463423 0.835418 -0.295494
-0.686698 -0.513264 -0.514787
0.479772 0.355217 -0.802272
-0.837727 0.502400 0.214030
-0.823845 0.549278 -0.139902
-0.476656 -0.519401 0.709241
-0.116606 -0.588319 0.800177
0.070153 0.516972 -0.853123
0.117349 0.137194 -0.983568
0.663553 -0.664630 -0.343460
0.649678 -0.759531 -0.032112
-0.566455 0.696983 0.439708
-0.164229 -0.602676 0.780904
0.271408 0.675182 -0.685905
0.668287 -0.637336 -0.383661
-0.433262 0.575421 0.693668
-0.265684 -0.813209 0.517787
0.357099 0.835427 -0.417783
0.605364 -0.513244 -0.608370
0.727750 0.355037 0.586795
-0.766896 0.609936 0.199621
-0.592290 0.804527 -0.043917
-0.807605 -0.577993 0.117038
-0.537864 -0.803493 0.255149
0.509990 0.785822 -0.349849
0.556055 0.518483 -0.649599
0.646643 -0.621588 -0.442133
0.484069 -0.835983 -0.258476
-0.598336 0.569668 0.563448
-0.573650 -0.789520 0.218135
0.637096 0.767383 -0.072337
0.672318 -0.582692 -0.456572
-0.608878 0.307536 0.731224
-0.577409 -0.805489 -0.133364
0.617570 0.745641 0.250254
0.732754 -0.356681 -0.579527
0.437046 -0.235088 0.868173
-0.717408 0.295200 0.631017
-0.816597 0.469734 0.335440
-0.233234 -0.791485 0.564937
0.135880 -0.849565 0.509683
-0.197925 0.797993 -0.569239
-0.200887 0.499971 -0.842421
0.508466 -0.416514 -0.753644
0.593293 -0.619826 -0.513634
-0.385198 0.421606 0.820896
0.084355 -0.860912 0.501713
0.048700 0.904677 -0.423306
0.500522 -0.376072 -0.779774
-0.179765 0.230715 0.956272
-0.099173 -0.969989 0.222006
0.218084 0.963769 -0.153588
0.371081 -0.185862 -0.909810
0.882367 0.192444 0.429411
-0.428077 0.636260 -0.641812
-0.086807 0.738719 -0.668400
-0.710788 -0.510399 -0.484019
-0.724190 -0.674394 -0.144018
0.776566 0.625707 0.073729
0.961904 0.273368 0.003204
0.543337 -0.729700 0.415117
0.249849 -0.870871 0.423273
-0.623537 0.721951 -0.299980
-0.712306 -0.673936 -0.196039
0.629960 0.702640 0.330828
0.579830 -0.697724 0.420688
-0.830541 0.531532 -0.166359
-0.447170 -0.807318 -0.385066
0.363559 0.790598 0.492727
0.770993 -0.525851 0.359236
-0.484229 0.074130 0.871795
0.791065 0.594627 -0.143650
0.549750 0.834604 -0.034806
0.804225 -0.507020 0.310084
0.590369 -0.787805 0.175575
-0.593124 0.801490 -0.076273
-0.729586 0.630899 0.263951
-0.751612 -0.522986 0.401950
-0.540242 -0.765344 0.349839
0.743186 0.433306 -0.509825
0.612958 -0.760220 0.215286
-0.628267 0.690249 -0.358938
-0.780510 -0.484182 0.395440
0.805074 0.135680 -0.577448
0.507916 -0.671733 0.539255
-0.510027 0.576622 -0.638263
-0.875952 -0.238896 0.419090
-0.147363 -0.521110 -0.840672
0.877289 0.163832 -0.451136
0.880276 0.426161 -0.208566
0.396443 -0.896480 -0.197880
0.028276 -0.970750 -0.238423
0.012330 0.945132 0.326457
-0.069279 0.742254 0.666528
-0.716470 -0.223205 0.660947
-0.722977 -0.495202 0.481746
0.620015 0.196498 -0.759586
0.074783 -0.974294 -0.212505
-0.177134 0.980153 0.089015
-0.716989 -0.176303 0.674421
0.466510 -0.044616 -0.883390
0.162903 -0.978282 0.128166
-0.254891 0.940914 -0.222962
-0.634046 0.055126 0.771328
-0.706963 -0.029068 -0.706653
0.208824 0.834599 0.509742
-0.123955 0.907288 0.401826
0.526437 -0.275365 0.804387
0.644236 -0.529921 0.551492
-0.715759 0.499289 -0.488263
-0.913828 0.167244 -0.370064
-0.388490 -0.867856 -0.309679
-0.106839 -0.976498 -0.187180
0.500325 0.834318 0.231492
0.616852 -0.515334 0.594916
-0.496899 0.510869 -0.701502
-0.421465 -0.842567 -0.335332
0.738497 0.633688 0.230351
0.306263 -0.611955 0.729187
-0.193539 0.572341 -0.796849
-0.622244 -0.679349 -0.388970
0.729995 -0.140470 -0.668861
556
1 0 1 2 0 1 2 1
1 3 0 2 3 0 2 1
1 4 5 1 4 1 1 1
1 0 4 1 0 4 1 1
1 6 7 5 5 6 1 1
1 4 6 5 4 5 1 1
1 6 8 7 5 7 6 1
1 9 0 3 8 0 3 1
1 10 9 3 9 8 3 1
1 11 4 0 10 4 0 1
1 9 11 0 8 10 0 1
1 12 6 4 11 5 4 1
1 11 12 4 10 11 4 1
1 12 8 6 11 7 5 1
1 13 9 10 12 8 9 1
1 14 13 10 13 12 9 1
1 15 11 9 14 10 8 1
1 13 15 9 12 14 8 1
1 16 12 11 15 11 10 1
1 15 16 11 14 15 10 1
1 16 8 12 15 7 11 1
1 17 13 14 16 12 13 1
1 18 17 14 17 16 13 1
1 19 15 13 16 14 12 1
1 17 19 13 16 16 12 1
1 20 16 15 18 15 14 1
1 19 20 15 16 18 14 1
1 20 8 16 18 7 15 1
1 21 17 18 19 16 17 1
1 22 21 18 20 19 17 1
1 23 19 17 21 16 16 1
1 21 23 17 19 21 16 1
1 24 20 19 22 18 16 1
1 23 24 19 21 22 16 1
1 24 8 20 22 7 18 1
1 25 21 22 23 19 20 1
1 26 25 22 24 23 20 1
1 27 23 21 23 21 19 1
1 25 27 21 23 23 19 1
1 28 24 23 25 22 21 1
1 27 28 23 23 25 21 1
1 28 8 24 25 7 22 1
1 29 25 26 26 23 24 1
1 30 29 26 27 26 24 1
1 31 27 25 26 23 23 1
1 29 31 25 26 26 23 1
1 32 28 27 28 25 23 1
1 31 32 27 26 28 23 1
1 32 8 28 28 7 25 1
1 1 29 30 1 26 27 1
1 2 1 30 2 1 27 1
1 5 31 29 1 26 26 1
1 1 5 29 1 1 26 1
1 7 32 31 6 28 26 1
1 5 7 31 1 6 26 1
1 7 8 32 6 7 28 1
1 33 34 35 29 30 31 2
1 36 33 35 32 29 31 2
1 37 38 34 33 34 30 2
1 33 37 34 29 33 30 2
1 39 40 38 35 36 34 2
1 37 39 38 33 35 34 2
1 36 35 40 32 31 36 2
1 39 36 40 35 32 36 2
1 41 33 36 37 29 32 2
1 42 41 36 38 37 32 2
1 43 37 33 39 33 29 2
1 41 43 33 37 39 29 2
1 44 39 37 40 35 33 2
1 43 44 37 39 40 33 2
1 42 36 39 38 32 35 2
1 44 42 39 40 38 35 2
1 45 41 42 41 37 38 2
1 46 45 42 42 41 38 2
1 47 43 41 43 39 37 2
1 45 47 41 41 43 37 2
1 48 44 43 44 40 39 2
1 47 48 43 43 44 39 2
1 46 42 44 42 38 40 2
1 48 46 44 44 42 40 2
1 49 45 46 45 41 42 2
1 49 47 45 45 43 41 2
1 49 48 47 45 44 43 2
1 49 46 48 45 42 44 2
1 50 51 52 46 47 48 2
1 53 54 51 49 50 47 2
1 50 53 51 46 49 47 2
1 55 50 52 51 46 48 2
1 56 53 50 52 49 46 2
1 55 56 50 51 52 46 2
1 57 55 52 53 51 48 2
1 58 56 55 54 52 51 2
1 57 58 55 53 54 51 2
1 59 57 60 55 53 48 2
1 61 58 57 56 54 53 2
1 59 61 57 55 56 53 2
1 62 59 60 57 55 48 2
1 63 61 59 58 56 55 2
1 62 63 59 57 58 55 2
1 64 62 60 59 57 48 2
1 65 63 62 60 58 57 2
1 64 65 62 59 60 57 2
1 66 64 60 61 59 48 2
1 67 65 64 62 60 59 2
1 66 67 64 61 62 59 2
1 68 66 60 63 61 48 2
1 69 67 66 64 62 61 2
1 68 69 66 63 64 61 2
1 70 71 52 65 66 48 2
1 72 73 71 67 68 66 2
1 70 72 71 65 67 66 2
1 51 70 52 47 65 48 2
1 54 72 70 50 67 65 2
1 51 54 70 47 50 65 2
1 74 54 53 69 50 49 2
1 75 74 53 70 69 49 2
1 75 53 56 70 49 52 2
1 76 75 56 71 70 52 2
1 76 56 58 71 52 54 2
1 77 76 58 72 71 54 2
1 77 58 61 72 54 56 2
1 78 77 61 73 72 56 2
1 78 61 63 73 56 58 2
1 79 78 63 74 73 58 2
1 79 63 65 74 58 60 2
1 80 79 65 75 74 60 2
1 80 65 67 75 60 62 2
1 81 80 67 76 75 62 2
1 81 67 69 76 62 64 2
1 82 81 69 77 76 64 2
1 83 73 72 78 68 67 2
1 84 83 72 79 78 67 2
1 84 72 54 79 67 50 2
1 74 84 54 69 79 50 2
1 85 74 75 80 69 70 2
1 86 85 75 81 80 70 2
1 86 75 76 81 70 71 2
1 87 86 76 82 81 71 2
1 87 76 77 82 71 72 2
1 88 87 77 83 82 72 2
1 88 77 78 83 72 73 2
1 89 88 78 84 83 73 2
1 89 78 79 84 73 74 2
1 90 89 79 85 84 74 2
1 90 79 80 85 74 75 2
1 91 90 80 86 85 75 2
1 91 80 81 86 75 76 2
1 92 91 81 87 86 76 2
1 92 81 82 87 76 77 2
1 93 92 82 88 87 77 2
1 94 83 84 89 78 79 2
1 95 94 84 90 89 79 2
1 95 84 74 90 79 69 2
1 85 95 74 80 90 69 2
1 96 97 98 7 7 7 3
1 99 97 96 7 7 7 3
1 100 97 99 7 7 7 3
1 101 97 100 7 7 7 3
1 102 97 101 7 7 7 3
1 103 97 102 7 7 7 3
1 104 97 103 7 7 7 3
1 105 97 104 7 7 7 3
1 106 97 105 7 7 7 3
1 98 97 106 7 7 7 3
1 107 108 109 91 92 93 2
1 110 107 109 94 91 93 2
1 111 112 108 95 96 92 2
1 107 111 108 91 95 92 2
1 113 114 112 97 98 96 2
1 111 113 112 95 97 96 2
1 110 109 114 94 93 98 2
1 113 110 114 97 94 98 2
1 115 107 110 99 91 94 2
1 116 115 110 100 99 94 2
1 117 111 107 101 95 91 2
1 115 117 107 99 101 91 2
1 118 113 111 102 97 95 2
1 117 118 111 101 102 95 2
1 116 110 113 100 94 97 2
1 118 116 113 102 100 97 2
1 119 115 116 103 99 100 2
1 120 119 116 104 103 100 2
1 121 117 115 105 101 99 2
1 119 121 115 103 105 99 2
1 122 118 117 106 102 101 2
1 121 122 117 105 106 101 2
1 120 116 118 104 100 102 2
1 122 120 118 106 104 102 2
1 123 119 120 107 103 104 2
1 123 121 119 107 105 103 2
1 123 122 121 107 106 105 2
1 123 120 122 107 104 106 2
1 124 125 126 108 109 110 2
1 127 124 126 111 108 110 2
1 128 129 125 112 113 109 2
1 124 128 125 108 112 109 2
1 130 131 129 114 115 113 2
1 128 130 129 112 114 113 2
1 127 126 131 111 110 115 2
1 130 127 131 114 111 115 2
1 132 124 127 116 108 111 2
1 133 132 127 117 116 111 2
1 134 128 124 118 112 108 2
1 132 134 124 116 118 108 2
1 135 130 128 119 114 112 2
1 134 135 128 118 119 112 2
1 133 127 130 117 111 114 2
1 135 133 130 119 117 114 2
1 136 132 133 120 116 117 2
1 137 136 133 121 120 117 2
1 138 134 132 122 118 116 2
1 136 138 132 120 122 116 2
1 139 135 134 123 119 118 2
1 138 139 134 122 123 118 2
1 137 133 135 121 117 119 2
1 139 137 135 123 121 119 2
1 140 136 137 124 120 121 2
1 140 138 136 124 122 120 2
1 140 139 138 124 123 122 2
1 140 137 139 124 121 123 2
1 141 142 143 125 126 127 2
1 144 141 143 128 125 127 2
1 145 146 142 129 130 126 2
1 141 145 142 125 129 126 2
1 147 148 146 131 132 130 2
1 145 147 146 129 131 130 2
1 144 143 148 128 127 132 2
1 147 144 148 131 128 132 2
1 149 141 144 133 125 128 2
1 150 149 144 134 133 128 2
1 151 145 141 135 129 125 2
1 149 151 141 133 135 125 2
1 152 147 145 136 131 129 2
1 151 152 145 135 136 129 2
1 150 144 147 134 128 131 2
1 152 150 147 136 134 131 2
1 153 149 150 137 133 134 2
1 154 153 150 138 137 134 2
1 155 151 149 139 135 133 2
1 153 155 149 137 139 133 2
1 156 152 151 140 136 135 2
1 155 156 151 139 140 135 2
1 154 150 152 138 134 136 2
1 156 154 152 140 138 136 2
1 157 153 154 141 137 138 2
1 157 155 153 141 139 137 2
1 157 156 155 141 140 139 2
1 157 154 156 141 138 140 2
1 158 159 160 142 143 144 2
1 161 158 160 145 142 144 2
1 162 163 159 146 147 143 2
1 158 162 159 142 146 143 2
1 164 165 163 148 149 147 2
1 162 164 163 146 148 147 2
1 161 160 165 145 144 149 2
1 164 161 165 148 145 149 2
1 166 158 161 150 142 145 2
1 167 166 161 151 150 145 2
1 168 162 158 152 146 142 2
1 166 168 158 150 152 142 2
1 169 164 162 153 148 146 2
1 168 169 162 152 153 146 2
1 167 161 164 151 145 148 2
1 169 167 164 153 151 148 2
1 170 166 167 154 150 151 2
1 171 170 167 155 154 151 2
1 172 168 166 156 152 150 2
1 170 172 166 154 156 150 2
1 173 169 168 157 153 152 2
1 172 173 168 156 157 152 2
1 171 167 169 155 151 153 2
1 173 171 169 157 155 153 2
1 174 170 171 158 154 155 2
1 174 172 170 158 156 154 2
1 174 173 172 158 157 156 2
1 174 171 173 158 155 157 2
1 175 176 177 159 160 161 2
1 178 175 177 162 159 161 2
1 179 180 176 163 164 160 2
1 175 179 176 159 163 160 2
1 181 182 180 165 166 164 2
1 179 181 180 163 165 164 2
1 178 177 182 162 161 166 2
1 181 178 182 165 162 166 2
1 183 175 178 167 159 162 2
1 184 183 178 168 167 162 2
1 185 179 175 169 163 159 2
1 183 185 175 167 169 159 2
1 186 181 179 170 165 163 2
1 185 186 179 169 170 163 2
1 184 178 181 168 162 165 2
1 186 184 181 170 168 165 2
1 187 183 184 171 167 168 2
1 188 187 184 172 171 168 2
1 189 185 183 173 169 167 2
1 187 189 183 171 173 167 2
1 190 186 185 174 170 169 2
1 189 190 185 173 174 169 2
1 188 184 186 172 168 170 2
1 190 188 186 174 172 170 2
1 191 187 188 175 171 172 2
1 191 189 187 175 173 171 2
1 191 190 189 175 174 173 2
1 191 188 190 175 172 174 2
1 192 193 194 176 177 178 2
1 195 192 194 179 176 178 2
1 196 197 193 180 181 177 2
1 192 196 193 176 180 177 2
1 198 199 197 182 183 181 2
1 196 198 197 180 182 181 2
1 195 194 199 179 178 183 2
1 198 195 199 182 179 183 2
1 200 192 195 184 176 179 2
1 201 200 195 185 184 179 2
1 202 196 192 186 180 176 2
1 200 202 192 184 186 176 2
1 203 198 196 187 182 180 2
1 202 203 196 186 187 180 2
1 201 195 198 185 179 182 2
1 203 201 198 187 185 182 2
1 204 200 201 188 184 185 2
1 205 204 201 189 188 185 2
1 206 202 200 190 186 184 2
1 204 206 200 188 190 184 2
1 207 203 202 191 187 186 2
1 206 207 202 190 191 186 2
1 205 201 203 189 185 187 2
1 207 205 203 191 189 187 2
1 208 204 205 192 188 189 2
1 208 206 204 192 190 188 2
1 208 207 206 192 191 190 2
1 208 205 207 192 189 191 2
1 209 210 211 193 194 195 2
1 212 209 211 196 193 195 2
1 213 214 210 197 198 194 2
1 209 213 210 193 197 194 2
1 215 216 214 199 200 198 2
1 213 215 214 197 199 198 2
1 212 211 216 196 195 200 2
1 215 212 216 199 196 200 2
1 217 209 212 201 193 196 2
1 218 217 212 202 201 196 2
1 219 213 209 203 197 193 2
1 217 219 209 201 203 193 2
1 220 215 213 204 199 197 2
1 219 220 213 203 204 197 2
1 218 212 215 202 196 199 2
1 220 218 215 204 202 199 2
1 221 217 218 205 201 202 2
1 222 221 218 206 205 202 2
1 223 219 217 207 203 201 2
1 221 223 217 205 207 201 2
1 224 220 219 208 204 203 2
1 223 224 219 207 208 203 2
1 222 218 220 206 202 204 2
1 224 222 220 208 206 204 2
1 225 221 222 209 205 206 2
1 225 223 221 209 207 205 2
1 225 224 223 209 208 207 2
1 225 222 224 209 206 208 2
1 226 227 228 210 211 212 2
1 229 226 228 213 210 212 2
1 230 231 227 214 215 211 2
1 226 230 227 210 214 211 2
1 232 233 231 216 217 215 2
1 230 232 231 214 216 215 2
1 229 228 233 213 212 217 2
1 232 229 233 216 213 217 2
1 234 226 229 218 210 213 2
1 235 234 229 219 218 213 2
1 236 230 226 220 214 210 2
1 234 236 226 218 220 210 2
1 237 232 230 221 216 214 2
1 236 237 230 220 221 214 2
1 235 229 232 219 213 216 2
1 237 235 232 221 219 216 2
1 238 234 235 222 218 219 2
1 239 238 235 223 222 219 2
1 240 236 234 224 220 218 2
1 238 240 234 222 224 218 2
1 241 237 236 225 221 220 2
1 240 241 236 224 225 220 2
1 239 235 237 223 219 221 2
1 241 239 237 225 223 221 2
1 242 238 239 226 222 223 2
1 242 240 238 226 224 222 2
1 242 241 240 226 225 224 2
1 242 239 241 226 223 225 2
1 243 244 245 227 228 229 2
1 246 243 245 230 227 229 2
1 247 248 244 231 232 228 2
1 243 247 244 227 231 228 2
1 249 250 248 233 234 232 2
1 247 249 248 231 233 232 2
1 246 245 250 230 229 234 2
1 249 246 250 233 230 234 2
1 251 243 246 235 227 230 2
1 252 251 246 236 235 230 2
1 253 247 243 237 231 227 2
1 251 253 243 235 237 227 2
1 254 249 247 238 233 231 2
1 253 254 247 237 238 231 2
1 252 246 249 236 230 233 2
1 254 252 249 238 236 233 2
1 255 251 252 239 235 236 2
1 256 255 252 240 239 236 2
1 257 253 251 241 237 235 2
1 255 257 251 239 241 235 2
1 258 254 253 242 238 237 2
1 257 258 253 241 242 237 2
1 256 252 254 240 236 238 2
1 258 256 254 242 240 238 2
1 259 255 256 243 239 240 2
1 259 257 255 243 241 239 2
1 259 258 257 243 242 241 2
1 259 256 258 243 240 242 2
1 260 261 262 244 245 246 2
1 263 260 262 247 244 246 2
1 264 265 261 248 249 245 2
1 260 264 261 244 248 245 2
1 266 267 265 250 251 249 2
1 264 266 265 248 250 249 2
1 263 262 267 247 246 251 2
1 266 263 267 250 247 251 2
1 268 260 263 252 244 247 2
1 269 268 263 253 252 247 2
1 270 264 260 254 248 244 2
1 268 270 260 252 254 244 2
1 271 266 264 255 250 248 2
1 270 271 264 254 255 248 2
1 269 263 266 253 247 250 2
1 271 269 266 255 253 250 2
1 272 268 269 256 252 253 2
1 273 272 269 257 256 253 2
1 274 270 268 258 254 252 2
1 272 274 268 256 258 252 2
1 275 271 270 259 255 254 2
1 274 275 270 258 259 254 2
1 273 269 271 257 253 255 2
1 275 273 271 259 257 255 2
1 276 272 273 260 256 257 2
1 276 274 272 260 258 256 2
1 276 275 274 260 259 258 2
1 276 273 275 260 257 259 2
1 277 278 279 261 262 263 2
1 280 277 279 264 261 263 2
1 281 282 278 265 266 262 2
1 277 281 278 261 265 262 2
1 283 284 282 267 268 266 2
1 281 283 282 265 267 266 2
1 280 279 284 264 263 268 2
1 283 280 284 267 264 268 2
1 285 277 280 269 261 264 2
1 286 285 280 270 269 264 2
1 287 281 277 271 265 261 2
1 285 287 277 269 271 261 2
1 288 283 281 272 267 265 2
1 287 288 281 271 272 265 2
1 286 280 283 270 264 267 2
1 288 286 283 272 270 267 2
1 289 285 286 273 269 270 2
1 290 289 286 274 273 270 2
1 291 287 285 275 271 269 2
1 289 291 285 273 275 269 2
1 292 288 287 276 272 271 2
1 291 292 287 275 276 271 2
1 290 286 288 274 270 272 2
1 292 290 288 276 274 272 2
1 293 289 290 277 273 274 2
1 293 291 289 277 275 273 2
1 293 292 291 277 276 275 2
1 293 290 292 277 274 276 2
1 294 295 296 278 279 280 2
1 297 294 296 281 278 280 2
1 298 299 295 282 283 279 2
1 294 298 295 278 282 279 2
1 300 301 299 284 285 283 2
1 298 300 299 282 284 283 2
1 297 296 301 281 280 285 2
1 300 297 301 284 281 285 2
1 302 294 297 286 278 281 2
1 303 302 297 287 286 281 2
1 304 298 294 288 282 278 2
1 302 304 294 286 288 278 2
1 305 300 298 289 284 282 2
1 304 305 298 288 289 282 2
1 303 297 300 287 281 284 2
1 305 303 300 289 287 284 2
1 306 302 303 290 286 287 2
1 307 306 303 291 290 287 2
1 308 304 302 292 288 286 2
1 306 308 302 290 292 286 2
1 309 305 304 293 289 288 2
1 308 309 304 292 293 288 2
1 307 303 305 291 287 289 2
1 309 307 305 293 291 289 2
1 310 306 307 294 290 291 2
1 310 308 306 294 292 290 2
1 310 309 308 294 293 292 2
1 310 307 309 294 291 293 2
1 311 312 313 295 296 297 2
1 314 311 313 298 295 297 2
1 315 316 312 299 300 296 2
1 311 315 312 295 299 296 2
1 317 318 316 301 302 300 2
1 315 317 316 299 301 300 2
1 314 313 318 298 297 302 2
1 317 314 318 301 298 302 2
1 319 311 314 303 295 298 2
1 320 319 314 304 303 298 2
1 321 315 311 305 299 295 2
1 319 321 311 303 305 295 2
1 322 317 315 306 301 299 2
1 321 322 315 305 306 299 2
1 320 314 317 304 298 301 2
1 322 320 317 306 304 301 2
1 323 319 320 307 303 304 2
1 324 323 320 308 307 304 2
1 325 321 319 309 305 303 2
1 323 325 319 307 309 303 2
1 326 322 321 310 306 305 2
1 325 326 321 309 310 305 2
1 324 320 322 308 304 306 2
1 326 324 322 310 308 306 2
1 327 323 324 311 307 308 2
1 327 325 323 311 309 307 2
1 327 326 325 311 310 309 2
1 327 324 326 311 308 310 2
1 328 329 330 312 313 314 2
1 331 328 330 315 312 314 2
1 332 333 329 316 317 313 2
1 328 332 329 312 316 313 2
1 334 335 333 318 319 317 2
1 332 334 333 316 318 317 2
1 331 330 335 315 314 319 2
1 334 331 335 318 315 319 2
1 336 328 331 320 312 315 2
1 337 336 331 321 320 315 2
1 338 332 328 322 316 312 2
1 336 338 328 320 322 312 2
1 339 334 332 323 318 316 2
1 338 339 332 322 323 316 2
1 337 331 334 321 315 318 2
1 339 337 334 323 321 318 2
1 340 336 337 324 320 321 2
1 341 340 337 325 324 321 2
1 342 338 336 326 322 320 2
1 340 342 336 324 326 320 2
1 343 339 338 327 323 322 2
1 342 343 338 326 327 322 2
1 341 337 339 325 321 323 2
1 343 341 339 327 325 323 2
1 344 340 341 328 324 325 2
1 344 342 340 328 326 324 2
1 344 343 342 328 327 326 2
1 344 341 343 328 325 327 2

Materials: 1
"Material01"
0.200000 0.200000 0.200000 1.000000
0.800000 0.800000 0.800000 1.000000
0.000000 0.000000 0.000000 1.000000
0.000000 0.000000 0.000000 1.000000
128.000000
1.000000
"plant02a.jpg"
""

Bones: 0
GroupComments: 0
MaterialComments: 0
BoneComments: 0
ModelComment: 0
