// MilkShape 3D ASCII

Block: 0
Frames: 30
Frame: 1

Meshes: 1
"plant" 1 0
377
1 0.236888 1.259220 0.011122 0.422673 0.067348 -1
1 -0.015096 0.615696 0.011122 0.024853 0.067348 -1
1 -0.010844 0.606891 0.011122 0.024853 0.067348 -1
1 0.241141 1.250415 0.011122 0.422673 0.067348 -1
1 -0.015096 0.615696 -0.028275 0.024853 0.025728 -1
1 0.236888 1.259220 -0.028275 0.422673 0.025728 -1
1 0.241141 1.250415 -0.028275 0.422673 0.025728 -1
1 -0.010844 0.606891 -0.028275 0.024853 0.025728 -1
1 0.407855 1.450318 0.114304 0.234358 0.474020 -1
1 0.236888 1.259220 0.011122 0.024007 0.315679 -1
1 0.241141 1.250415 0.011122 0.024007 0.315679 -1
1 0.409903 1.423600 0.114304 0.234358 0.474020 -1
1 0.407855 1.450318 -0.131457 0.234358 0.096877 -1
1 0.236888 1.259220 -0.028275 0.024007 0.255219 -1
1 0.409903 1.423600 -0.131457 0.234358 0.096877 -1
1 0.241141 1.250415 -0.028275 0.024007 0.255219 -1
1 0.788348 1.657346 0.084934 0.612992 0.428949 -1
1 0.786996 1.642725 0.084934 0.612992 0.428949 -1
1 0.788348 1.657346 -0.102087 0.612992 0.141949 -1
1 0.786996 1.642725 -0.102087 0.612992 0.141949 -1
1 1.016973 1.452147 0.040252 0.865414 0.360381 -1
1 1.013867 1.445485 0.040252 0.865414 0.360381 -1
1 1.016973 1.452147 -0.057405 0.865414 0.210517 -1
1 1.013867 1.445485 -0.057405 0.865414 0.210517 -1
1 1.097567 1.246773 -0.009251 0.991626 0.284415 -1
1 0.371716 0.003979 -0.266668 0.414708 0.639165 -1
1 0.458472 0.003979 0.000338 0.449946 0.747619 -1
1 0.004214 0.003979 0.000338 0.265433 0.747619 -1
1 0.499240 0.982340 -0.359319 0.466506 0.601531 -1
1 0.616100 0.982340 0.000338 0.513973 0.747619 -1
1 0.144587 0.003979 -0.431687 0.322451 0.572136 -1
1 0.193297 0.982340 -0.581600 0.342236 0.511243 -1
1 -0.136159 0.003979 -0.431687 0.208415 0.572136 -1
1 -0.184869 0.982340 -0.581600 0.188629 0.511243 -1
1 -0.363289 0.003979 -0.266668 0.116158 0.639165 -1
1 -0.490812 0.982340 -0.359319 0.064360 0.601531 -1
1 -0.450044 0.003979 0.000338 0.080919 0.747619 -1
1 -0.607672 0.982340 0.000338 0.016893 0.747619 -1
1 -0.363288 0.003979 0.267345 0.116158 0.856074 -1
1 -0.490812 0.982340 0.359996 0.064360 0.893707 -1
1 -0.136159 0.003979 0.432364 0.208415 0.923102 -1
1 -0.184869 0.982340 0.582276 0.188630 0.983995 -1
1 0.144588 0.003979 0.432364 0.322451 0.923102 -1
1 0.193297 0.982340 0.582276 0.342236 0.983995 -1
1 0.371716 0.003979 0.267345 0.414708 0.856073 -1
1 0.499240 0.982340 0.359996 0.466506 0.893707 -1
1 0.497529 0.982340 0.000338 0.465811 0.747619 -1
1 0.403314 0.982340 -0.289625 0.427542 0.629840 -1
1 0.156657 0.982340 -0.468832 0.327353 0.557048 -1
1 -0.148229 0.982340 -0.468832 0.203512 0.557048 -1
1 -0.394886 0.982340 -0.289625 0.103323 0.629840 -1
1 -0.489101 0.982340 0.000338 0.065054 0.747619 -1
1 -0.394886 0.982340 0.290302 0.103323 0.865398 -1
1 -0.148229 0.982340 0.469510 0.203512 0.938190 -1
1 0.156657 0.982340 0.469510 0.327353 0.938190 -1
1 0.403314 0.982340 0.290302 0.427542 0.865398 -1
1 0.497529 0.828566 0.000338 0.465811 0.747619 -1
1 0.403314 0.828566 -0.289625 0.427542 0.629840 -1
1 0.156657 0.828566 -0.468832 0.327353 0.557048 -1
1 -0.148229 0.828566 -0.468832 0.203512 0.557048 -1
1 -0.394886 0.828566 -0.289625 0.103323 0.629840 -1
1 -0.489101 0.828566 0.000338 0.065054 0.747619 -1
1 -0.394886 0.828566 0.290302 0.103323 0.865398 -1
1 -0.148229 0.828566 0.469510 0.203512 0.938190 -1
1 0.156657 0.828566 0.469510 0.327353 0.938190 -1
1 0.403314 0.828566 0.290302 0.427542 0.865398 -1
1 0.403314 0.828566 -0.289625 0.957638 0.611267 -1
1 0.004214 0.828566 0.000338 0.769966 0.747619 -1
1 0.497529 0.828566 0.000338 1.001942 0.747619 -1
1 0.156657 0.828566 -0.468832 0.841650 0.526997 -1
1 -0.148229 0.828566 -0.468832 0.698282 0.526997 -1
1 -0.394886 0.828566 -0.289625 0.582294 0.611267 -1
1 -0.489101 0.828566 0.000338 0.537991 0.747619 -1
1 -0.394886 0.828566 0.290302 0.582294 0.883971 -1
1 -0.148229 0.828566 0.469510 0.698282 0.968241 -1
1 0.156657 0.828566 0.469510 0.841650 0.968241 -1
1 0.403314 0.828566 0.290302 0.957638 0.883971 -1
1 0.072004 1.108840 0.267350 0.422673 0.067348 -1
1 -0.022391 0.626292 -0.030757 0.024853 0.067348 -1
1 -0.020798 0.615441 -0.027939 0.024853 0.067348 -1
1 0.073597 1.097990 0.270168 0.422673 0.067348 -1
1 0.014138 0.635076 -0.045013 0.024853 0.025728 -1
1 0.108533 1.117624 0.253095 0.422673 0.025728 -1
1 0.110126 1.106773 0.255912 0.422673 0.025728 -1
1 0.015731 0.624225 -0.042195 0.024853 0.025728 -1
1 0.040381 1.176081 0.479311 0.234358 0.474020 -1
1 0.072004 1.108840 0.267350 0.024007 0.315679 -1
1 0.073597 1.097990 0.270168 0.024007 0.315679 -1
1 0.041149 1.149143 0.478138 0.234358 0.474020 -1
1 0.268247 1.230873 0.390384 0.234358 0.096877 -1
1 0.108533 1.117624 0.253095 0.024007 0.255219 -1
1 0.269014 1.203935 0.389212 0.234358 0.096877 -1
1 0.110126 1.106773 0.255912 0.024007 0.255219 -1
1 0.210148 1.172643 0.832752 0.612992 0.428949 -1
1 0.209642 1.159267 0.829895 0.612992 0.428949 -1
1 0.383550 1.214339 0.765080 0.612992 0.141949 -1
1 0.383044 1.200962 0.762224 0.612992 0.141949 -1
1 0.337221 0.858240 0.998243 0.865414 0.360381 -1
1 0.336057 0.853520 0.994711 0.865414 0.360381 -1
1 0.427767 0.880012 0.962907 0.865414 0.210517 -1
1 0.426603 0.875292 0.959374 0.865414 0.210517 -1
1 0.413310 0.626428 1.029393 0.991626 0.284415 -1
1 -0.180860 1.063632 -0.141522 0.422673 0.067348 -1
1 0.060262 0.532047 0.004455 0.024853 0.067348 -1
1 0.057098 0.521758 0.003469 0.024853 0.067348 -1
1 -0.184024 1.053342 -0.142508 0.422673 0.067348 -1
1 0.046011 0.541896 0.041865 0.024853 0.025728 -1
1 -0.195111 1.073480 -0.104111 0.422673 0.025728 -1
1 -0.198276 1.063194 -0.105097 0.422673 0.025728 -1
1 0.042846 0.531608 0.040879 0.024853 0.025728 -1
1 -0.295837 1.158048 -0.320093 0.234358 0.474020 -1
1 -0.180860 1.063632 -0.141522 0.024007 0.315679 -1
1 -0.184024 1.053342 -0.142508 0.024007 0.315679 -1
1 -0.296328 1.131078 -0.318879 0.234358 0.474020 -1
1 -0.384736 1.219489 -0.086729 0.234358 0.096877 -1
1 -0.195111 1.073480 -0.104111 0.024007 0.255219 -1
1 -0.385227 1.192519 -0.085515 0.234358 0.096877 -1
1 -0.198276 1.063194 -0.105097 0.024007 0.255219 -1
1 -0.635372 1.219162 -0.455172 0.612992 0.428949 -1
1 -0.633565 1.205372 -0.453550 0.612992 0.428949 -1
1 -0.703023 1.265917 -0.277586 0.612992 0.141949 -1
1 -0.701215 1.252127 -0.275964 0.612992 0.141949 -1
1 -0.834002 0.939843 -0.485902 0.865414 0.360381 -1
1 -0.831088 0.934535 -0.484198 0.865414 0.360381 -1
1 -0.869328 0.964257 -0.393171 0.865414 0.210517 -1
1 -0.866414 0.958949 -0.391467 0.865414 0.210517 -1
1 -0.910110 0.719522 -0.454689 0.991626 0.284415 -1
1 -0.216216 1.049268 0.075110 0.422673 0.067348 -1
1 0.000748 0.624001 0.013678 0.024853 0.067348 -1
1 -0.001555 0.615770 0.014992 0.024853 0.067348 -1
1 -0.218519 1.041039 0.076423 0.422673 0.067348 -1
1 0.014861 0.631880 0.042427 0.024853 0.025728 -1
1 -0.202103 1.057147 0.103859 0.422673 0.025728 -1
1 -0.204407 1.048918 0.105173 0.422673 0.025728 -1
1 0.012557 0.623650 0.043741 0.024853 0.025728 -1
1 -0.383427 1.124801 0.044952 0.234358 0.474020 -1
1 -0.216216 1.049268 0.075110 0.024007 0.315679 -1
1 -0.218519 1.041039 0.076423 0.024007 0.315679 -1
1 -0.382984 1.103226 0.045902 0.234358 0.474020 -1
1 -0.295393 1.173954 0.224289 0.234358 0.096877 -1
1 -0.202103 1.057147 0.103859 0.024007 0.255219 -1
1 -0.294950 1.152378 0.225238 0.234358 0.096877 -1
1 -0.204407 1.048918 0.105173 0.024007 0.255219 -1
1 -0.647709 1.173693 0.169910 0.612992 0.428949 -1
1 -0.645774 1.162661 0.169737 0.612992 0.428949 -1
1 -0.580717 1.211098 0.306382 0.612992 0.141949 -1
1 -0.578781 1.200065 0.306210 0.612992 0.141949 -1
1 -0.774061 0.950239 0.269359 0.865414 0.360381 -1
1 -0.771474 0.945991 0.268583 0.865414 0.360381 -1
1 -0.739079 0.969768 0.340621 0.865414 0.210517 -1
1 -0.736492 0.965522 0.339846 0.865414 0.210517 -1
1 -0.797323 0.773981 0.330918 0.991626 0.284415 -1
1 0.047810 1.049268 -0.204933 0.422673 0.067348 -1
1 0.066714 0.624001 0.019767 0.024853 0.067348 -1
1 0.065864 0.615770 0.017255 0.024853 0.067348 -1
1 0.046960 1.041039 -0.207444 0.422673 0.067348 -1
1 0.035800 0.631880 0.028135 0.024853 0.025728 -1
1 0.016896 1.057147 -0.196565 0.422673 0.025728 -1
1 0.016046 1.048918 -0.199077 0.422673 0.025728 -1
1 0.034951 0.623650 0.025623 0.024853 0.025728 -1
1 0.109319 1.124801 -0.363317 0.234358 0.474020 -1
1 0.047810 1.049268 -0.204933 0.024007 0.315679 -1
1 0.046960 1.041039 -0.207444 0.024007 0.315679 -1
1 0.108302 1.103226 -0.363064 0.234358 0.474020 -1
1 -0.083521 1.173954 -0.311120 0.234358 0.096877 -1
1 0.016896 1.057147 -0.196565 0.024007 0.255219 -1
1 -0.084537 1.152378 -0.310866 0.234358 0.096877 -1
1 0.016046 1.048918 -0.199077 0.024007 0.255219 -1
1 0.037084 1.173693 -0.646587 0.612992 0.428949 -1
1 0.036884 1.162661 -0.644654 0.612992 0.428949 -1
1 -0.109663 1.211098 -0.606865 0.612992 0.141949 -1
1 -0.109863 1.200065 -0.604932 0.612992 0.141949 -1
1 -0.036428 0.950239 -0.789593 0.865414 0.360381 -1
1 -0.036161 0.945991 -0.786906 0.865414 0.360381 -1
1 -0.113056 0.969768 -0.768852 0.865414 0.210517 -1
1 -0.112789 0.965522 -0.766164 0.865414 0.210517 -1
1 -0.092418 0.773981 -0.824174 0.991626 0.284415 -1
1 0.208079 1.827876 0.118443 0.422673 0.067348 -1
1 -0.000826 0.735032 -0.022464 0.024853 0.067348 -1
1 0.002700 0.720080 -0.020086 0.024853 0.067348 -1
1 0.211604 1.812927 0.120821 0.422673 0.067348 -1
1 0.021205 0.735032 -0.055126 0.024853 0.025728 -1
1 0.230110 1.827876 0.085781 0.422673 0.025728 -1
1 0.233635 1.812927 0.088159 0.422673 0.025728 -1
1 0.024731 0.720080 -0.052749 0.024853 0.025728 -1
1 0.292118 2.012981 0.209375 0.234358 0.474020 -1
1 0.208079 1.827876 0.118443 0.024007 0.315679 -1
1 0.211604 1.812927 0.120821 0.024007 0.315679 -1
1 0.293817 1.967609 0.210520 0.234358 0.474020 -1
1 0.429546 2.012981 0.005629 0.234358 0.096877 -1
1 0.230110 1.827876 0.085781 0.024007 0.255219 -1
1 0.431244 1.967609 0.006775 0.234358 0.096877 -1
1 0.233635 1.812927 0.088159 0.024007 0.255219 -1
1 0.623985 2.069319 0.414197 0.612992 0.428949 -1
1 0.622864 2.044488 0.413441 0.612992 0.428949 -1
1 0.728566 2.069319 0.259150 0.612992 0.141949 -1
1 0.727445 2.044488 0.258394 0.612992 0.141949 -1
1 0.838511 1.720846 0.505000 0.865414 0.360381 -1
1 0.835935 1.709532 0.503263 0.865414 0.360381 -1
1 0.893120 1.720846 0.424039 0.865414 0.210517 -1
1 0.890544 1.709532 0.422302 0.865414 0.210517 -1
1 0.933007 1.372074 0.509028 0.991626 0.284415 -1
1 -0.071896 1.572500 0.238664 0.422673 0.067348 -1
1 0.016546 0.753026 -0.061263 0.024853 0.067348 -1
1 0.016291 0.734599 -0.058036 0.024853 0.067348 -1
1 -0.072151 1.554072 0.241891 0.422673 0.067348 -1
1 0.054801 0.767943 -0.052655 0.024853 0.025728 -1
1 -0.033641 1.587416 0.247272 0.422673 0.025728 -1
1 -0.033896 1.568989 0.250499 0.422673 0.025728 -1
1 0.054546 0.749515 -0.049428 0.024853 0.025728 -1
1 -0.216640 1.686689 0.396704 0.234358 0.474020 -1
1 -0.071896 1.572500 0.238664 0.024007 0.315679 -1
1 -0.072151 1.554072 0.241891 0.024007 0.315679 -1
1 -0.215349 1.640943 0.396161 0.234358 0.474020 -1
1 0.021996 1.779738 0.450402 0.234358 0.096877 -1
1 -0.033641 1.587416 0.247272 0.024007 0.255219 -1
1 0.023288 1.733990 0.449859 0.234358 0.096877 -1
1 -0.033896 1.568989 0.250499 0.024007 0.255219 -1
1 -0.273539 1.680852 0.784652 0.612992 0.428949 -1
1 -0.272362 1.658135 0.782001 0.612992 0.428949 -1
1 -0.091940 1.751660 0.825515 0.612992 0.141949 -1
1 -0.090763 1.728942 0.822864 0.612992 0.141949 -1
1 -0.260732 1.146927 0.992909 0.865414 0.360381 -1
1 -0.259722 1.138909 0.989330 0.865414 0.360381 -1
1 -0.165906 1.183900 1.014246 0.865414 0.210517 -1
1 -0.164896 1.175883 1.010667 0.865414 0.210517 -1
1 -0.215071 0.753256 1.061283 0.991626 0.284415 -1
1 -0.052892 1.495724 -0.241706 0.422673 0.067348 -1
1 0.065377 0.592976 0.014148 0.024853 0.067348 -1
1 0.063305 0.575506 0.011561 0.024853 0.067348 -1
1 -0.054965 1.478254 -0.244293 0.422673 0.067348 -1
1 0.032643 0.609702 0.037193 0.024853 0.025728 -1
1 -0.085627 1.512451 -0.218660 0.422673 0.025728 -1
1 -0.087699 1.494981 -0.221248 0.422673 0.025728 -1
1 0.030571 0.592230 0.034606 0.024853 0.025728 -1
1 -0.048357 1.656065 -0.454043 0.234358 0.474020 -1
1 -0.052892 1.495724 -0.241706 0.024007 0.315679 -1
1 -0.054965 1.478254 -0.244293 0.024007 0.315679 -1
1 -0.049442 1.610266 -0.453311 0.234358 0.474020 -1
1 -0.252553 1.760405 -0.310288 0.234358 0.096877 -1
1 -0.085627 1.512451 -0.218660 0.024007 0.255219 -1
1 -0.253638 1.714605 -0.309556 0.234358 0.096877 -1
1 -0.087699 1.494981 -0.221248 0.024007 0.255219 -1
1 -0.254309 1.759851 -0.755894 0.612992 0.428949 -1
1 -0.253718 1.736431 -0.753539 0.612992 0.428949 -1
1 -0.409699 1.839251 -0.646498 0.612992 0.141949 -1
1 -0.409108 1.815833 -0.644143 0.612992 0.141949 -1
1 -0.401797 1.285504 -0.892443 0.865414 0.360381 -1
1 -0.400334 1.276489 -0.889401 0.865414 0.360381 -1
1 -0.482938 1.326966 -0.835320 0.865414 0.210517 -1
1 -0.481475 1.317951 -0.832277 0.865414 0.210517 -1
1 -0.482347 0.911352 -0.909126 0.991626 0.284415 -1
1 -0.203343 1.471334 -0.081881 0.422673 0.067348 -1
1 0.010881 0.749134 -0.011486 0.024853 0.067348 -1
1 0.008237 0.735157 -0.011685 0.024853 0.067348 -1
1 -0.205987 1.457356 -0.082080 0.422673 0.067348 -1
1 0.006505 0.762517 0.020240 0.024853 0.025728 -1
1 -0.207719 1.484714 -0.050155 0.422673 0.025728 -1
1 -0.210363 1.470739 -0.050354 0.422673 0.025728 -1
1 0.003860 0.748539 0.020041 0.024853 0.025728 -1
1 -0.325103 1.599605 -0.200386 0.234358 0.474020 -1
1 -0.203343 1.471334 -0.081881 0.024007 0.315679 -1
1 -0.205987 1.457356 -0.082080 0.024007 0.315679 -1
1 -0.325267 1.562966 -0.199352 0.234358 0.474020 -1
1 -0.352403 1.683078 -0.002481 0.234358 0.096877 -1
1 -0.207719 1.484714 -0.050155 0.024007 0.255219 -1
1 -0.352567 1.646437 -0.001447 0.234358 0.096877 -1
1 -0.210363 1.470739 -0.050354 0.024007 0.255219 -1
1 -0.614078 1.682635 -0.244576 0.612992 0.428949 -1
1 -0.612377 1.663899 -0.243637 0.612992 0.428949 -1
1 -0.634853 1.746156 -0.093974 0.612992 0.141949 -1
1 -0.633152 1.727418 -0.093035 0.612992 0.141949 -1
1 -0.774440 1.303157 -0.232785 0.865414 0.360381 -1
1 -0.771861 1.295946 -0.231980 0.865414 0.360381 -1
1 -0.785288 1.336327 -0.154144 0.865414 0.210517 -1
1 -0.782710 1.329113 -0.153340 0.865414 0.210517 -1
1 -0.828149 1.003834 -0.194758 0.991626 0.284415 -1
1 0.172143 1.471334 -0.166406 0.422673 0.067348 -1
1 0.062164 0.749134 0.030450 0.024853 0.067348 -1
1 0.062864 0.735157 0.027892 0.024853 0.067348 -1
1 0.172842 1.457356 -0.168963 0.422673 0.067348 -1
1 0.031857 0.762517 0.020100 0.024853 0.025728 -1
1 0.141834 1.484714 -0.176755 0.422673 0.025728 -1
1 0.142534 1.470739 -0.179313 0.422673 0.025728 -1
1 0.032557 0.748539 0.017543 0.024853 0.025728 -1
1 0.311703 1.599605 -0.263317 0.234358 0.474020 -1
1 0.172143 1.471334 -0.166406 0.024007 0.315679 -1
1 0.172842 1.457356 -0.168963 0.024007 0.315679 -1
1 0.310719 1.562966 -0.263675 0.234358 0.474020 -1
1 0.122643 1.683078 -0.327878 0.234358 0.096877 -1
1 0.141834 1.484714 -0.176755 0.024007 0.255219 -1
1 0.121659 1.646437 -0.328236 0.234358 0.096877 -1
1 0.142534 1.470739 -0.179313 0.024007 0.255219 -1
1 0.410220 1.682635 -0.538551 0.612992 0.428949 -1
1 0.408974 1.663899 -0.537061 0.612992 0.428949 -1
1 0.266349 1.746156 -0.587681 0.612992 0.141949 -1
1 0.265103 1.727418 -0.586190 0.612992 0.141949 -1
1 0.429244 1.303157 -0.698217 0.865414 0.360381 -1
1 0.427963 1.295946 -0.695839 0.865414 0.360381 -1
1 0.354118 1.336327 -0.723871 0.865414 0.210517 -1
1 0.352837 1.329113 -0.721493 0.865414 0.210517 -1
1 0.402163 1.003834 -0.758195 0.991626 0.284415 -1
1 -0.101758 1.322679 0.105936 0.422673 0.067348 -1
1 0.038276 0.807860 -0.039074 0.024853 0.067348 -1
1 0.035913 0.800818 -0.036626 0.024853 0.067348 -1
1 -0.104121 1.315636 0.108383 0.422673 0.067348 -1
1 0.060949 0.807860 -0.017179 0.024853 0.025728 -1
1 -0.079086 1.322679 0.127830 0.422673 0.025728 -1
1 -0.081449 1.315636 0.130278 0.422673 0.025728 -1
1 0.058585 0.800818 -0.014732 0.024853 0.025728 -1
1 -0.256147 1.475557 0.146982 0.234358 0.474020 -1
1 -0.101758 1.322679 0.105936 0.024007 0.315679 -1
1 -0.104121 1.315636 0.108383 0.024007 0.315679 -1
1 -0.257285 1.454182 0.148160 0.234358 0.474020 -1
1 -0.114718 1.475557 0.283558 0.234358 0.096877 -1
1 -0.079086 1.322679 0.127830 0.024007 0.255219 -1
1 -0.115857 1.454182 0.284737 0.234358 0.096877 -1
1 -0.081449 1.315636 0.130278 0.024007 0.255219 -1
1 -0.450695 1.641181 0.382267 0.612992 0.428949 -1
1 -0.449944 1.629484 0.381489 0.612992 0.428949 -1
1 -0.343070 1.641181 0.486199 0.612992 0.141949 -1
1 -0.342319 1.629484 0.485421 0.612992 0.141949 -1
1 -0.552035 1.477023 0.538665 0.865414 0.360381 -1
1 -0.550309 1.471692 0.536878 0.865414 0.360381 -1
1 -0.495837 1.477023 0.592936 0.865414 0.210517 -1
1 -0.494110 1.471692 0.591148 0.865414 0.210517 -1
1 -0.568336 1.312723 0.612555 0.991626 0.284415 -1
1 0.218238 1.166208 -0.049638 0.422673 0.067348 -1
1 0.000235 0.740940 0.007998 0.024853 0.067348 -1
1 0.002561 0.732711 0.006725 0.024853 0.067348 -1
1 0.220564 1.157978 -0.050911 0.422673 0.067348 -1
1 -0.013374 0.748820 -0.020993 0.024853 0.025728 -1
1 0.204630 1.174088 -0.078629 0.422673 0.025728 -1
1 0.206956 1.165857 -0.079902 0.422673 0.025728 -1
1 -0.011048 0.740590 -0.022266 0.024853 0.025728 -1
1 0.384897 1.241741 -0.016567 0.234358 0.474020 -1
1 0.218238 1.166208 -0.049638 0.024007 0.315679 -1
1 0.220564 1.157978 -0.050911 0.024007 0.315679 -1
1 0.384471 1.220166 -0.017524 0.234358 0.474020 -1
1 0.300006 1.290893 -0.197413 0.234358 0.096877 -1
1 0.204630 1.174088 -0.078629 0.024007 0.255219 -1
1 0.299580 1.269319 -0.198369 0.234358 0.096877 -1
1 0.206956 1.165857 -0.079902 0.024007 0.255219 -1
1 0.651320 1.290633 -0.136893 0.612992 0.428949 -1
1 0.649382 1.279600 -0.136755 0.612992 0.428949 -1
1 0.586720 1.328037 -0.274513 0.612992 0.141949 -1
1 0.584781 1.317005 -0.274375 0.612992 0.141949 -1
1 0.779388 1.067178 -0.234122 0.865414 0.360381 -1
1 0.776788 1.062931 -0.233392 0.865414 0.360381 -1
1 0.745656 1.086709 -0.305984 0.865414 0.210517 -1
1 0.743055 1.082463 -0.305254 0.865414 0.210517 -1
1 0.803721 0.890922 -0.295266 0.991626 0.284415 -1
1 0.113222 1.154718 -0.190372 0.422673 0.067348 -1
1 0.028001 0.814503 -0.031376 0.024853 0.067348 -1
1 0.028525 0.807921 -0.033432 0.024853 0.067348 -1
1 0.113745 1.148134 -0.192428 0.422673 0.067348 -1
1 0.003614 0.820808 -0.039232 0.024853 0.025728 -1
1 0.088834 1.161021 -0.198228 0.422673 0.025728 -1
1 0.089358 1.154438 -0.200283 0.422673 0.025728 -1
1 0.004138 0.814223 -0.041287 0.024853 0.025728 -1
1 0.223499 1.215145 -0.269838 0.234358 0.474020 -1
1 0.113222 1.154718 -0.190372 0.024007 0.315679 -1
1 0.113745 1.148134 -0.192428 0.024007 0.315679 -1
1 0.222707 1.197884 -0.270111 0.234358 0.474020 -1
1 0.071374 1.254467 -0.318839 0.234358 0.096877 -1
1 0.088834 1.161021 -0.198228 0.024007 0.255219 -1
1 0.070581 1.237206 -0.319112 0.234358 0.096877 -1
1 0.089358 1.154438 -0.200283 0.024007 0.255219 -1
1 0.298459 1.254258 -0.491367 0.612992 0.428949 -1
1 0.297482 1.245432 -0.490158 0.612992 0.428949 -1
1 0.182693 1.284180 -0.528656 0.612992 0.141949 -1
1 0.181717 1.275356 -0.527447 0.612992 0.141949 -1
1 0.311446 1.075494 -0.619346 0.865414 0.360381 -1
1 0.310454 1.072096 -0.617426 0.865414 0.360381 -1
1 0.250996 1.091119 -0.638818 0.865414 0.210517 -1
1 0.250005 1.087721 -0.636897 0.865414 0.210517 -1
1 0.288947 0.934489 -0.666943 0.991626 0.284415 -1
367
-0.416427 0.163060 0.894427
-0.832854 0.326120 0.447214
0.416427 -0.163060 0.894427
0.832854 -0.326121 0.447214
-0.416427 0.163060 -0.894427
-0.832854 0.326120 -0.447214
0.416427 -0.163060 -0.894427
0.832854 -0.326121 -0.447214
-0.571610 0.511320 0.641727
-0.781145 0.489802 0.387178
-0.067662 -0.452596 0.889145
0.398970 -0.574277 0.714862
-0.538414 0.508962 -0.671616
-0.656923 0.184311 -0.731083
0.237582 -0.668537 -0.704708
0.503382 -0.748117 -0.432351
0.299721 0.590778 0.749099
0.186770 -0.643336 0.742453
0.028376 0.630514 -0.775659
-0.123436 -0.621547 -0.773591
0.580302 0.240169 0.778183
-0.539462 -0.616216 0.573810
0.720651 0.451223 -0.526365
-0.296466 -0.398420 -0.867969
0.894190 -0.447672 -0.003742
0.560386 -0.654301 -0.507796
0.751837 -0.654302 -0.081429
0.000000 -1.000000 0.000000
0.645728 0.667883 -0.370091
0.739939 0.667883 0.080140
0.154887 -0.654302 -0.740202
0.304872 0.667883 -0.678959
-0.309774 -0.654301 -0.689877
-0.152436 0.667884 -0.728488
-0.656112 -0.654301 -0.376042
-0.551517 0.667884 -0.499760
-0.751837 -0.654302 0.081429
-0.739939 0.667884 -0.080140
-0.560386 -0.654301 0.507796
-0.645728 0.667884 0.370091
-0.154887 -0.654301 0.740203
-0.304871 0.667884 0.678959
0.309774 -0.654301 0.689877
0.152435 0.667884 0.728488
0.656112 -0.654301 0.376041
0.551518 0.667884 0.499760
-0.687240 0.722607 -0.074432
-0.599739 0.722607 0.343733
-0.283159 0.722607 0.630603
0.141579 0.722607 0.676605
0.512239 0.722607 0.464167
0.687240 0.722607 0.074433
0.599740 0.722607 -0.343732
0.283160 0.722607 -0.630603
-0.141580 0.722607 -0.676605
-0.512240 0.722607 -0.464166
-0.994186 0.000000 0.107678
-0.741022 0.000000 0.671480
-0.204814 0.000000 0.978801
0.409627 0.000000 0.912253
0.867604 0.000000 0.497256
0.994186 0.000000 -0.107677
0.741024 0.000000 -0.671479
0.204814 0.000000 -0.978801
-0.409629 0.000000 -0.912252
-0.867605 0.000000 -0.497255
0.000000 1.000000 0.000000
-0.980951 0.194220 -0.003769
-0.759066 0.443123 -0.476928
-0.673296 -0.288778 0.680646
-0.046291 -0.518439 0.853861
0.673284 0.288787 -0.680654
0.046286 0.518441 -0.853860
0.980953 -0.194211 0.003754
0.759068 -0.443121 0.476927
-0.810915 0.584975 0.014845
-0.686312 0.657477 -0.310965
-0.832301 -0.554097 0.015885
-0.523568 -0.788501 0.322712
0.435964 0.747072 -0.501815
0.429389 0.375146 -0.821517
0.671087 -0.640071 -0.374101
0.568435 -0.818753 -0.080775
-0.558833 0.417826 0.716329
-0.658384 -0.743641 0.116314
0.736921 0.672051 0.072761
0.647168 -0.468100 -0.601710
-0.531461 0.089976 0.842291
-0.726901 -0.489781 -0.481383
0.739181 0.314116 0.595770
0.685317 -0.255061 -0.682117
0.320673 -0.634651 0.703127
0.731301 0.148934 -0.665596
0.911830 0.358789 -0.199589
0.003502 -0.263326 -0.964701
-0.623127 -0.456951 -0.634751
-0.003445 0.263348 0.964695
0.623132 0.456952 0.634746
-0.731268 -0.148908 0.665638
-0.911828 -0.358784 0.199608
0.668660 0.532063 -0.519425
0.799697 0.558886 -0.219389
0.558754 -0.558199 -0.613359
0.041521 -0.771088 -0.635373
0.149795 0.707966 0.690178
0.337415 0.320717 0.885038
-0.330668 -0.620451 0.711125
-0.481815 -0.761990 0.432696
-0.050991 0.440448 -0.896329
0.305415 -0.753147 -0.582658
-0.524983 0.695378 0.490757
-0.113494 -0.488713 0.865031
-0.218021 0.104344 -0.970350
0.835419 -0.513658 -0.195526
-0.936731 0.334824 0.102119
-0.049743 -0.275541 0.960002
-0.770190 -0.552750 -0.318238
0.011908 0.148909 -0.988779
0.475869 0.358779 -0.803010
-0.703184 -0.263348 -0.660439
-0.889200 -0.456949 0.022811
0.703195 0.263356 0.660425
0.889197 0.456953 -0.022843
-0.011901 -0.148906 0.988780
-0.475891 -0.358786 0.802995
0.076138 0.532049 -0.843283
0.384933 0.558877 -0.734495
-0.067516 -0.558219 -0.826942
-0.436357 -0.771084 -0.463705
0.606916 0.707979 0.361136
0.877391 0.320725 0.356821
0.294568 -0.620453 0.726820
-0.012141 -0.762013 0.647448
-0.690313 0.440458 -0.573991
-0.217888 -0.753127 -0.620745
0.000836 0.695405 0.718617
0.555234 -0.488689 0.672977
-0.858401 0.104391 -0.502246
0.426709 -0.513660 -0.744361
-0.564174 0.334829 0.754717
0.668141 -0.275515 0.691144
-0.758184 -0.552440 0.346362
0.968340 0.148910 0.200359
0.697439 0.358787 0.620363
0.782477 -0.263349 -0.564249
0.147251 -0.456951 -0.877219
-0.782530 0.263318 0.564191
-0.147256 0.456953 0.877217
-0.968320 -0.148945 -0.200427
-0.697413 -0.358797 -0.620387
0.813265 0.532045 0.235643
0.647557 0.558870 0.518010
0.824622 -0.558235 0.091502
0.538435 -0.771092 -0.339860
-0.470313 0.707971 0.526862
-0.517678 0.320725 0.793187
-0.769672 -0.620453 0.150473
-0.633237 -0.762012 -0.135456
0.695180 0.440438 -0.568102
0.650895 -0.753152 -0.095381
-0.705586 0.695394 -0.136294
-0.766542 -0.488707 0.416628
0.656882 0.104341 -0.746739
0.649234 -0.513659 0.560937
-0.633186 0.334834 -0.697826
-0.805934 -0.275518 0.523985
-0.195221 -0.552595 -0.810264
-0.861435 0.100481 0.497828
-0.972634 0.200961 -0.116609
-0.138878 -0.100480 0.985199
0.472472 -0.200959 0.858129
0.138835 0.100490 -0.985204
-0.472466 0.200959 -0.858133
0.861413 -0.100471 -0.497869
0.972639 -0.200957 0.116579
-0.695979 0.598943 0.396082
-0.889420 0.448104 -0.090188
-0.357821 -0.314344 0.879291
-0.073964 -0.544584 0.835438
-0.136802 0.501496 -0.854276
-0.470770 0.112579 -0.875044
0.293157 -0.779908 -0.552994
0.607014 -0.793917 -0.035052
-0.045748 0.512731 0.857330
-0.439651 -0.654193 0.615417
0.619420 0.620946 -0.480360
0.205861 -0.556446 -0.804977
0.090024 0.169621 0.981389
-0.887426 -0.446657 0.113900
0.947888 0.317829 0.022181
0.190353 -0.278224 -0.941465
0.795717 -0.288952 0.532297
-0.800492 0.127912 -0.585535
-0.353056 0.287731 -0.890260
-0.953999 -0.188338 0.233271
-0.529141 -0.341422 0.776815
0.953998 0.188338 -0.233273
0.529140 0.341422 -0.776815
0.800493 -0.127912 0.585534
0.353056 -0.287731 0.890260
-0.711941 0.525103 -0.466269
-0.401394 0.527491 -0.748756
-0.759765 -0.509630 -0.403776
-0.616399 -0.781278 0.098266
0.637873 0.707548 -0.304127
0.790947 0.315824 -0.524078
0.809933 -0.574218 0.119513
0.571217 -0.705271 0.419885
-0.890416 0.334831 0.308298
-0.605868 -0.731279 -0.313298
0.533881 0.656689 0.532664
0.912182 -0.374207 -0.167010
-0.906769 0.059837 0.417361
-0.327963 -0.319305 -0.889092
0.259033 0.200152 0.944903
0.964060 -0.160819 -0.211484
-0.167960 -0.439599 0.882350
0.988030 0.094994 -0.121547
0.896398 0.225576 0.381556
0.528418 -0.166704 -0.832456
-0.206721 -0.291761 -0.933885
-0.528477 0.166685 0.832423
0.206705 0.291759 0.933889
-0.988035 -0.095012 0.121486
-0.896395 -0.225579 -0.381563
0.890107 0.454666 -0.031447
0.849663 0.411939 0.329209
0.830175 -0.476119 -0.290034
0.283807 -0.714271 -0.639743
-0.149761 0.622368 0.768264
-0.148703 0.246699 0.957615
-0.765293 -0.530971 0.363865
-0.797226 -0.603672 -0.003300
0.474346 0.351212 -0.807246
0.581976 -0.735508 -0.346888
-0.718535 0.688219 0.100309
-0.601457 -0.387779 0.698483
0.343786 0.070369 -0.936408
0.863005 -0.339528 0.374089
-0.847754 0.215797 -0.484504
-0.565349 -0.176554 0.805735
-0.496931 -0.367787 -0.785997
0.584960 0.095002 -0.805479
0.890388 0.225575 -0.395381
-0.248415 -0.166696 -0.954203
-0.823984 -0.291760 -0.485722
0.248439 0.166703 0.954195
0.823989 0.291762 0.485713
-0.584942 -0.094995 0.805493
-0.890388 -0.225574 0.395381
0.584057 0.454674 -0.672420
0.820242 0.411953 -0.396860
0.354098 -0.476091 -0.804954
-0.274327 -0.714270 -0.643866
0.459737 0.622360 0.633490
0.598951 0.246710 0.761834
-0.255806 -0.530970 0.807858
-0.546112 -0.603659 0.580825
-0.266879 0.351215 -0.897454
0.143277 -0.735516 -0.662184
-0.416674 0.688214 0.593923
0.100655 -0.387790 0.916236
-0.450269 0.070334 -0.890119
0.862195 -0.339522 -0.375959
-0.932514 0.215798 0.289567
0.203703 -0.176555 0.962981
-0.913603 -0.368097 -0.172726
0.679087 0.094992 0.727885
0.218216 0.225575 0.949472
0.984067 -0.166706 -0.061815
0.634012 -0.291761 -0.716173
-0.984072 0.166692 0.061768
-0.634020 0.291761 0.716166
-0.679056 -0.095006 -0.727913
-0.218205 -0.225577 -0.949474
0.548623 0.454674 0.701630
0.233064 0.411952 0.880895
0.722601 -0.476094 0.501181
0.684383 -0.714268 -0.146428
-0.709574 0.622358 0.330416
-0.862123 0.246709 0.442581
-0.744204 -0.530970 -0.405254
-0.465942 -0.603665 -0.646905
0.931887 0.351217 -0.090737
0.622722 -0.735503 0.266932
-0.503545 0.688204 -0.522319
-0.918605 -0.387799 -0.076008
0.959643 0.070369 -0.272276
0.204617 -0.339527 0.918071
-0.106360 0.215793 -0.970629
-0.984153 -0.176572 0.016297
0.343734 -0.367929 -0.863988
-0.354172 0.163042 -0.920858
0.256824 0.326116 -0.909775
-0.932686 -0.163078 -0.321718
-0.900249 -0.326120 0.288440
0.932672 0.163061 0.321768
0.900239 0.326125 -0.288467
0.354119 -0.163061 0.920875
-0.256876 -0.326125 0.909757
-0.064540 0.511324 -0.856961
0.264114 0.489803 -0.830865
-0.592588 -0.452590 -0.666335
-0.791378 -0.574272 -0.209601
0.857139 0.508952 0.079251
0.982234 0.184312 0.035302
0.341885 -0.668538 0.660433
-0.038666 -0.748125 0.662430
-0.747054 0.590786 -0.304766
-0.663822 -0.643331 -0.381400
0.538254 0.630510 0.559231
0.642214 -0.621555 0.448587
-0.962889 0.240172 -0.123134
-0.038027 -0.616216 -0.786658
-0.121976 0.451228 0.884034
0.830307 -0.398422 0.389680
-0.618494 -0.447646 0.645817
-0.029199 0.148927 0.988417
-0.489830 0.358787 0.794568
0.691527 -0.263333 0.672641
0.889462 -0.456951 -0.007293
-0.691528 0.263334 -0.672639
-0.889461 0.456952 0.007308
0.029202 -0.148929 -0.988417
0.489840 -0.358791 -0.794560
-0.090846 0.532057 0.841821
-0.397687 0.558878 0.727668
0.053075 -0.558214 0.827998
0.428198 -0.771090 0.471240
-0.600519 0.707977 -0.371679
-0.871031 0.320726 -0.372076
-0.281840 -0.620454 -0.731849
0.023438 -0.762007 -0.647145
0.680186 0.440434 0.585974
0.206963 -0.753156 0.624438
0.011698 0.695407 -0.718521
-0.543401 -0.488689 -0.682568
0.849465 0.104343 0.517225
-0.439670 -0.513661 0.736779
0.577255 0.334828 -0.744760
-0.655989 -0.275519 -0.702686
0.763981 -0.552683 -0.332979
0.703064 0.148864 0.695371
0.247053 0.358784 0.900133
0.963535 -0.263395 -0.047156
0.601236 -0.456955 -0.655521
-0.963557 0.263337 0.047022
-0.601274 0.456950 0.655489
-0.702980 -0.148920 -0.695444
-0.247039 -0.358789 -0.900134
0.553730 0.532041 0.640558
0.260974 0.558839 0.787141
0.641751 -0.558277 0.525816
0.636666 -0.771096 0.008215
-0.681379 0.707977 0.185718
-0.866148 0.320745 0.383288
-0.727472 -0.620437 -0.292990
-0.457323 -0.761995 -0.458498
0.892446 0.440423 -0.097811
0.597801 -0.753173 0.274524
-0.517603 0.695372 -0.498543
-0.869796 -0.488693 -0.068076
0.957627 0.104311 -0.268458
0.238964 -0.513658 0.824046
-0.151115 0.334801 -0.930093
-0.961277 -0.275583 0.000712
0.277242 -0.553259 -0.785519
548
1 0 1 2 0 1 2 1
1 3 0 2 3 0 2 1
1 4 5 6 4 5 6 1
1 7 4 6 7 4 6 1
1 5 4 1 5 4 1 1
1 0 5 1 0 5 1 1
1 3 2 7 3 2 7 1
1 6 3 7 6 3 7 1
1 8 9 10 8 9 10 1
1 11 8 10 11 8 10 1
1 12 13 9 12 13 9 1
1 8 12 9 8 12 9 1
1 14 15 13 14 15 13 1
1 12 14 13 12 14 13 1
1 11 10 15 11 10 15 1
1 14 11 15 14 11 15 1
1 16 8 11 16 8 11 1
1 17 16 11 17 16 11 1
1 18 12 8 18 12 8 1
1 16 18 8 16 18 8 1
1 19 14 12 19 14 12 1
1 18 19 12 18 19 12 1
1 17 11 14 17 11 14 1
1 19 17 14 19 17 14 1
1 20 16 17 20 16 17 1
1 21 20 17 21 20 17 1
1 22 18 16 22 18 16 1
1 20 22 16 20 22 16 1
1 23 19 18 23 19 18 1
1 22 23 18 22 23 18 1
1 21 17 19 21 17 19 1
1 23 21 19 23 21 19 1
1 24 20 21 24 20 21 1
1 24 22 20 24 22 20 1
1 24 23 22 24 23 22 1
1 24 21 23 24 21 23 1
1 25 26 27 25 26 27 2
1 28 29 26 28 29 26 2
1 25 28 26 25 28 26 2
1 30 25 27 30 25 27 2
1 31 28 25 31 28 25 2
1 30 31 25 30 31 25 2
1 32 30 27 32 30 27 2
1 33 31 30 33 31 30 2
1 32 33 30 32 33 30 2
1 34 32 27 34 32 27 2
1 35 33 32 35 33 32 2
1 34 35 32 34 35 32 2
1 36 34 27 36 34 27 2
1 37 35 34 37 35 34 2
1 36 37 34 36 37 34 2
1 38 36 27 38 36 27 2
1 39 37 36 39 37 36 2
1 38 39 36 38 39 36 2
1 40 38 27 40 38 27 2
1 41 39 38 41 39 38 2
1 40 41 38 40 41 38 2
1 42 40 27 42 40 27 2
1 43 41 40 43 41 40 2
1 42 43 40 42 43 40 2
1 44 42 27 44 42 27 2
1 45 43 42 45 43 42 2
1 44 45 42 44 45 42 2
1 26 44 27 26 44 27 2
1 29 45 44 29 45 44 2
1 26 29 44 26 29 44 2
1 46 29 28 46 29 28 2
1 47 46 28 47 46 28 2
1 47 28 31 47 28 31 2
1 48 47 31 48 47 31 2
1 48 31 33 48 31 33 2
1 49 48 33 49 48 33 2
1 49 33 35 49 33 35 2
1 50 49 35 50 49 35 2
1 50 35 37 50 35 37 2
1 51 50 37 51 50 37 2
1 51 37 39 51 37 39 2
1 52 51 39 52 51 39 2
1 52 39 41 52 39 41 2
1 53 52 41 53 52 41 2
1 53 41 43 53 41 43 2
1 54 53 43 54 53 43 2
1 54 43 45 54 43 45 2
1 55 54 45 55 54 45 2
1 55 45 29 55 45 29 2
1 46 55 29 46 55 29 2
1 56 46 47 56 46 47 2
1 57 56 47 57 56 47 2
1 57 47 48 57 47 48 2
1 58 57 48 58 57 48 2
1 58 48 49 58 48 49 2
1 59 58 49 59 58 49 2
1 59 49 50 59 49 50 2
1 60 59 50 60 59 50 2
1 60 50 51 60 50 51 2
1 61 60 51 61 60 51 2
1 61 51 52 61 51 52 2
1 62 61 52 62 61 52 2
1 62 52 53 62 52 53 2
1 63 62 53 63 62 53 2
1 63 53 54 63 53 54 2
1 64 63 54 64 63 54 2
1 64 54 55 64 54 55 2
1 65 64 55 65 64 55 2
1 65 55 46 65 55 46 2
1 56 65 46 56 65 46 2
1 66 67 68 66 66 66 2
1 69 67 66 66 66 66 2
1 70 67 69 66 66 66 2
1 71 67 70 66 66 66 2
1 72 67 71 66 66 66 2
1 73 67 72 66 66 66 2
1 74 67 73 66 66 66 2
1 75 67 74 66 66 66 2
1 76 67 75 66 66 66 2
1 68 67 76 66 66 66 2
1 77 78 79 67 68 69 1
1 80 77 79 70 67 69 1
1 81 82 83 71 72 73 1
1 84 81 83 74 71 73 1
1 82 81 78 72 71 68 1
1 77 82 78 67 72 68 1
1 80 79 84 70 69 74 1
1 83 80 84 73 70 74 1
1 85 86 87 75 76 77 1
1 88 85 87 78 75 77 1
1 89 90 86 79 80 76 1
1 85 89 86 75 79 76 1
1 91 92 90 81 82 80 1
1 89 91 90 79 81 80 1
1 88 87 92 78 77 82 1
1 91 88 92 81 78 82 1
1 93 85 88 83 75 78 1
1 94 93 88 84 83 78 1
1 95 89 85 85 79 75 1
1 93 95 85 83 85 75 1
1 96 91 89 86 81 79 1
1 95 96 89 85 86 79 1
1 94 88 91 84 78 81 1
1 96 94 91 86 84 81 1
1 97 93 94 87 83 84 1
1 98 97 94 88 87 84 1
1 99 95 93 89 85 83 1
1 97 99 93 87 89 83 1
1 100 96 95 90 86 85 1
1 99 100 95 89 90 85 1
1 98 94 96 88 84 86 1
1 100 98 96 90 88 86 1
1 101 97 98 91 87 88 1
1 101 99 97 91 89 87 1
1 101 100 99 91 90 89 1
1 101 98 100 91 88 90 1
1 102 103 104 92 93 94 1
1 105 102 104 95 92 94 1
1 106 107 108 96 97 98 1
1 109 106 108 99 96 98 1
1 107 106 103 97 96 93 1
1 102 107 103 92 97 93 1
1 105 104 109 95 94 99 1
1 108 105 109 98 95 99 1
1 110 111 112 100 101 102 1
1 113 110 112 103 100 102 1
1 114 115 111 104 105 101 1
1 110 114 111 100 104 101 1
1 116 117 115 106 107 105 1
1 114 116 115 104 106 105 1
1 113 112 117 103 102 107 1
1 116 113 117 106 103 107 1
1 118 110 113 108 100 103 1
1 119 118 113 109 108 103 1
1 120 114 110 110 104 100 1
1 118 120 110 108 110 100 1
1 121 116 114 111 106 104 1
1 120 121 114 110 111 104 1
1 119 113 116 109 103 106 1
1 121 119 116 111 109 106 1
1 122 118 119 112 108 109 1
1 123 122 119 113 112 109 1
1 124 120 118 114 110 108 1
1 122 124 118 112 114 108 1
1 125 121 120 115 111 110 1
1 124 125 120 114 115 110 1
1 123 119 121 113 109 111 1
1 125 123 121 115 113 111 1
1 126 122 123 116 112 113 1
1 126 124 122 116 114 112 1
1 126 125 124 116 115 114 1
1 126 123 125 116 113 115 1
1 127 128 129 117 118 119 1
1 130 127 129 120 117 119 1
1 131 132 133 121 122 123 1
1 134 131 133 124 121 123 1
1 132 131 128 122 121 118 1
1 127 132 128 117 122 118 1
1 130 129 134 120 119 124 1
1 133 130 134 123 120 124 1
1 135 136 137 125 126 127 1
1 138 135 137 128 125 127 1
1 139 140 136 129 130 126 1
1 135 139 136 125 129 126 1
1 141 142 140 131 132 130 1
1 139 141 140 129 131 130 1
1 138 137 142 128 127 132 1
1 141 138 142 131 128 132 1
1 143 135 138 133 125 128 1
1 144 143 138 134 133 128 1
1 145 139 135 135 129 125 1
1 143 145 135 133 135 125 1
1 146 141 139 136 131 129 1
1 145 146 139 135 136 129 1
1 144 138 141 134 128 131 1
1 146 144 141 136 134 131 1
1 147 143 144 137 133 134 1
1 148 147 144 138 137 134 1
1 149 145 143 139 135 133 1
1 147 149 143 137 139 133 1
1 150 146 145 140 136 135 1
1 149 150 145 139 140 135 1
1 148 144 146 138 134 136 1
1 150 148 146 140 138 136 1
1 151 147 148 141 137 138 1
1 151 149 147 141 139 137 1
1 151 150 149 141 140 139 1
1 151 148 150 141 138 140 1
1 152 153 154 142 143 144 1
1 155 152 154 145 142 144 1
1 156 157 158 146 147 148 1
1 159 156 158 149 146 148 1
1 157 156 153 147 146 143 1
1 152 157 153 142 147 143 1
1 155 154 159 145 144 149 1
1 158 155 159 148 145 149 1
1 160 161 162 150 151 152 1
1 163 160 162 153 150 152 1
1 164 165 161 154 155 151 1
1 160 164 161 150 154 151 1
1 166 167 165 156 157 155 1
1 164 166 165 154 156 155 1
1 163 162 167 153 152 157 1
1 166 163 167 156 153 157 1
1 168 160 163 158 150 153 1
1 169 168 163 159 158 153 1
1 170 164 160 160 154 150 1
1 168 170 160 158 160 150 1
1 171 166 164 161 156 154 1
1 170 171 164 160 161 154 1
1 169 163 166 159 153 156 1
1 171 169 166 161 159 156 1
1 172 168 169 162 158 159 1
1 173 172 169 163 162 159 1
1 174 170 168 164 160 158 1
1 172 174 168 162 164 158 1
1 175 171 170 165 161 160 1
1 174 175 170 164 165 160 1
1 173 169 171 163 159 161 1
1 175 173 171 165 163 161 1
1 176 172 173 166 162 163 1
1 176 174 172 166 164 162 1
1 176 175 174 166 165 164 1
1 176 173 175 166 163 165 1
1 177 178 179 167 168 169 1
1 180 177 179 170 167 169 1
1 181 182 183 171 172 173 1
1 184 181 183 174 171 173 1
1 182 181 178 172 171 168 1
1 177 182 178 167 172 168 1
1 180 179 184 170 169 174 1
1 183 180 184 173 170 174 1
1 185 186 187 175 176 177 1
1 188 185 187 178 175 177 1
1 189 190 186 179 180 176 1
1 185 189 186 175 179 176 1
1 191 192 190 181 182 180 1
1 189 191 190 179 181 180 1
1 188 187 192 178 177 182 1
1 191 188 192 181 178 182 1
1 193 185 188 183 175 178 1
1 194 193 188 184 183 178 1
1 195 189 185 185 179 175 1
1 193 195 185 183 185 175 1
1 196 191 189 186 181 179 1
1 195 196 189 185 186 179 1
1 194 188 191 184 178 181 1
1 196 194 191 186 184 181 1
1 197 193 194 187 183 184 1
1 198 197 194 188 187 184 1
1 199 195 193 189 185 183 1
1 197 199 193 187 189 183 1
1 200 196 195 190 186 185 1
1 199 200 195 189 190 185 1
1 198 194 196 188 184 186 1
1 200 198 196 190 188 186 1
1 201 197 198 191 187 188 1
1 201 199 197 191 189 187 1
1 201 200 199 191 190 189 1
1 201 198 200 191 188 190 1
1 202 203 204 192 193 194 1
1 205 202 204 195 192 194 1
1 206 207 208 196 197 198 1
1 209 206 208 199 196 198 1
1 207 206 203 197 196 193 1
1 202 207 203 192 197 193 1
1 205 204 209 195 194 199 1
1 208 205 209 198 195 199 1
1 210 211 212 200 201 202 1
1 213 210 212 203 200 202 1
1 214 215 211 204 205 201 1
1 210 214 211 200 204 201 1
1 216 217 215 206 207 205 1
1 214 216 215 204 206 205 1
1 213 212 217 203 202 207 1
1 216 213 217 206 203 207 1
1 218 210 213 208 200 203 1
1 219 218 213 209 208 203 1
1 220 214 210 210 204 200 1
1 218 220 210 208 210 200 1
1 221 216 214 211 206 204 1
1 220 221 214 210 211 204 1
1 219 213 216 209 203 206 1
1 221 219 216 211 209 206 1
1 222 218 219 212 208 209 1
1 223 222 219 213 212 209 1
1 224 220 218 214 210 208 1
1 222 224 218 212 214 208 1
1 225 221 220 215 211 210 1
1 224 225 220 214 215 210 1
1 223 219 221 213 209 211 1
1 225 223 221 215 213 211 1
1 226 222 223 216 212 213 1
1 226 224 222 216 214 212 1
1 226 225 224 216 215 214 1
1 226 223 225 216 213 215 1
1 227 228 229 217 218 219 1
1 230 227 229 220 217 219 1
1 231 232 233 221 222 223 1
1 234 231 233 224 221 223 1
1 232 231 228 222 221 218 1
1 227 232 228 217 222 218 1
1 230 229 234 220 219 224 1
1 233 230 234 223 220 224 1
1 235 236 237 225 226 227 1
1 238 235 237 228 225 227 1
1 239 240 236 229 230 226 1
1 235 239 236 225 229 226 1
1 241 242 240 231 232 230 1
1 239 241 240 229 231 230 1
1 238 237 242 228 227 232 1
1 241 238 242 231 228 232 1
1 243 235 238 233 225 228 1
1 244 243 238 234 233 228 1
1 245 239 235 235 229 225 1
1 243 245 235 233 235 225 1
1 246 241 239 236 231 229 1
1 245 246 239 235 236 229 1
1 244 238 241 234 228 231 1
1 246 244 241 236 234 231 1
1 247 243 244 237 233 234 1
1 248 247 244 238 237 234 1
1 249 245 243 239 235 233 1
1 247 249 243 237 239 233 1
1 250 246 245 240 236 235 1
1 249 250 245 239 240 235 1
1 248 244 246 238 234 236 1
1 250 248 246 240 238 236 1
1 251 247 248 241 237 238 1
1 251 249 247 241 239 237 1
1 251 250 249 241 240 239 1
1 251 248 250 241 238 240 1
1 252 253 254 242 243 244 1
1 255 252 254 245 242 244 1
1 256 257 258 246 247 248 1
1 259 256 258 249 246 248 1
1 257 256 253 247 246 243 1
1 252 257 253 242 247 243 1
1 255 254 259 245 244 249 1
1 258 255 259 248 245 249 1
1 260 261 262 250 251 252 1
1 263 260 262 253 250 252 1
1 264 265 261 254 255 251 1
1 260 264 261 250 254 251 1
1 266 267 265 256 257 255 1
1 264 266 265 254 256 255 1
1 263 262 267 253 252 257 1
1 266 263 267 256 253 257 1
1 268 260 263 258 250 253 1
1 269 268 263 259 258 253 1
1 270 264 260 260 254 250 1
1 268 270 260 258 260 250 1
1 271 266 264 261 256 254 1
1 270 271 264 260 261 254 1
1 269 263 266 259 253 256 1
1 271 269 266 261 259 256 1
1 272 268 269 262 258 259 1
1 273 272 269 263 262 259 1
1 274 270 268 264 260 258 1
1 272 274 268 262 264 258 1
1 275 271 270 265 261 260 1
1 274 275 270 264 265 260 1
1 273 269 271 263 259 261 1
1 275 273 271 265 263 261 1
1 276 272 273 266 262 263 1
1 276 274 272 266 264 262 1
1 276 275 274 266 265 264 1
1 276 273 275 266 263 265 1
1 277 278 279 267 268 269 1
1 280 277 279 270 267 269 1
1 281 282 283 271 272 273 1
1 284 281 283 274 271 273 1
1 282 281 278 272 271 268 1
1 277 282 278 267 272 268 1
1 280 279 284 270 269 274 1
1 283 280 284 273 270 274 1
1 285 286 287 275 276 277 1
1 288 285 287 278 275 277 1
1 289 290 286 279 280 276 1
1 285 289 286 275 279 276 1
1 291 292 290 281 282 280 1
1 289 291 290 279 281 280 1
1 288 287 292 278 277 282 1
1 291 288 292 281 278 282 1
1 293 285 288 283 275 278 1
1 294 293 288 284 283 278 1
1 295 289 285 285 279 275 1
1 293 295 285 283 285 275 1
1 296 291 289 286 281 279 1
1 295 296 289 285 286 279 1
1 294 288 291 284 278 281 1
1 296 294 291 286 284 281 1
1 297 293 294 287 283 284 1
1 298 297 294 288 287 284 1
1 299 295 293 289 285 283 1
1 297 299 293 287 289 283 1
1 300 296 295 290 286 285 1
1 299 300 295 289 290 285 1
1 298 294 296 288 284 286 1
1 300 298 296 290 288 286 1
1 301 297 298 291 287 288 1
1 301 299 297 291 289 287 1
1 301 300 299 291 290 289 1
1 301 298 300 291 288 290 1
1 302 303 304 292 293 294 1
1 305 302 304 295 292 294 1
1 306 307 308 296 297 298 1
1 309 306 308 299 296 298 1
1 307 306 303 297 296 293 1
1 302 307 303 292 297 293 1
1 305 304 309 295 294 299 1
1 308 305 309 298 295 299 1
1 310 311 312 300 301 302 1
1 313 310 312 303 300 302 1
1 314 315 311 304 305 301 1
1 310 314 311 300 304 301 1
1 316 317 315 306 307 305 1
1 314 316 315 304 306 305 1
1 313 312 317 303 302 307 1
1 316 313 317 306 303 307 1
1 318 310 313 308 300 303 1
1 319 318 313 309 308 303 1
1 320 314 310 310 304 300 1
1 318 320 310 308 310 300 1
1 321 316 314 311 306 304 1
1 320 321 314 310 311 304 1
1 319 313 316 309 303 306 1
1 321 319 316 311 309 306 1
1 322 318 319 312 308 309 1
1 323 322 319 313 312 309 1
1 324 320 318 314 310 308 1
1 322 324 318 312 314 308 1
1 325 321 320 315 311 310 1
1 324 325 320 314 315 310 1
1 323 319 321 313 309 311 1
1 325 323 321 315 313 311 1
1 326 322 323 316 312 313 1
1 326 324 322 316 314 312 1
1 326 325 324 316 315 314 1
1 326 323 325 316 313 315 1
1 327 328 329 317 318 319 1
1 330 327 329 320 317 319 1
1 331 332 333 321 322 323 1
1 334 331 333 324 321 323 1
1 332 331 328 322 321 318 1
1 327 332 328 317 322 318 1
1 330 329 334 320 319 324 1
1 333 330 334 323 320 324 1
1 335 336 337 325 326 327 1
1 338 335 337 328 325 327 1
1 339 340 336 329 330 326 1
1 335 339 336 325 329 326 1
1 341 342 340 331 332 330 1
1 339 341 340 329 331 330 1
1 338 337 342 328 327 332 1
1 341 338 342 331 328 332 1
1 343 335 338 333 325 328 1
1 344 343 338 334 333 328 1
1 345 339 335 335 329 325 1
1 343 345 335 333 335 325 1
1 346 341 339 336 331 329 1
1 345 346 339 335 336 329 1
1 344 338 341 334 328 331 1
1 346 344 341 336 334 331 1
1 347 343 344 337 333 334 1
1 348 347 344 338 337 334 1
1 349 345 343 339 335 333 1
1 347 349 343 337 339 333 1
1 350 346 345 340 336 335 1
1 349 350 345 339 340 335 1
1 348 344 346 338 334 336 1
1 350 348 346 340 338 336 1
1 351 347 348 341 337 338 1
1 351 349 347 341 339 337 1
1 351 350 349 341 340 339 1
1 351 348 350 341 338 340 1
1 352 353 354 342 343 344 1
1 355 352 354 345 342 344 1
1 356 357 358 346 347 348 1
1 359 356 358 349 346 348 1
1 357 356 353 347 346 343 1
1 352 357 353 342 347 343 1
1 355 354 359 345 344 349 1
1 358 355 359 348 345 349 1
1 360 361 362 350 351 352 1
1 363 360 362 353 350 352 1
1 364 365 361 354 355 351 1
1 360 364 361 350 354 351 1
1 366 367 365 356 357 355 1
1 364 366 365 354 356 355 1
1 363 362 367 353 352 357 1
1 366 363 367 356 353 357 1
1 368 360 363 358 350 353 1
1 369 368 363 359 358 353 1
1 370 364 360 360 354 350 1
1 368 370 360 358 360 350 1
1 371 366 364 361 356 354 1
1 370 371 364 360 361 354 1
1 369 363 366 359 353 356 1
1 371 369 366 361 359 356 1
1 372 368 369 362 358 359 1
1 373 372 369 363 362 359 1
1 374 370 368 364 360 358 1
1 372 374 368 362 364 358 1
1 375 371 370 365 361 360 1
1 374 375 370 364 365 360 1
1 373 369 371 363 359 361 1
1 375 373 371 365 363 361 1
1 376 372 373 366 362 363 1
1 376 374 372 366 364 362 1
1 376 375 374 366 365 364 1
1 376 373 375 366 363 365 1

Materials: 1
"Untitled"
0.200000 0.200000 0.200000 1.000000
0.800000 0.800000 0.800000 1.000000
0.000000 0.000000 0.000000 1.000000
0.000000 0.000000 0.000000 1.000000
0.000000
1.000000
"plant01b.jpg"
""

Bones: 0
GroupComments: 0
MaterialComments: 0
BoneComments: 0
ModelComment: 0
