// MilkShape 3D ASCII

Block: 0
Frames: 30
Frame: 1

Meshes: 1
"plant" 1 0
377
1 0.193747 0.955335 -0.049577 0.422673 0.067348 -1
1 -0.106303 0.622096 -0.049577 0.024853 0.067348 -1
1 -0.101239 0.617537 -0.049577 0.024853 0.067348 -1
1 0.198810 0.950775 -0.049577 0.422673 0.067348 -1
1 -0.106303 0.622096 -0.096490 0.024853 0.025728 -1
1 0.193747 0.955335 -0.096490 0.422673 0.025728 -1
1 0.198810 0.950775 -0.096490 0.422673 0.025728 -1
1 -0.101239 0.617537 -0.096490 0.024853 0.025728 -1
1 0.397325 1.054292 0.073286 0.234358 0.474020 -1
1 0.193747 0.955335 -0.049577 0.024007 0.315679 -1
1 0.198810 0.950775 -0.049577 0.024007 0.315679 -1
1 0.399764 1.040456 0.073286 0.234358 0.474020 -1
1 0.397325 1.054292 -0.219354 0.234358 0.096877 -1
1 0.193747 0.955335 -0.096490 0.024007 0.255219 -1
1 0.399764 1.040456 -0.219354 0.234358 0.096877 -1
1 0.198810 0.950775 -0.096490 0.024007 0.255219 -1
1 0.850397 1.161498 0.038313 0.612992 0.428949 -1
1 0.848787 1.153927 0.038313 0.612992 0.428949 -1
1 0.850397 1.161498 -0.184381 0.612992 0.141949 -1
1 0.848787 1.153927 -0.184381 0.612992 0.141949 -1
1 1.122633 1.055240 -0.014891 0.865414 0.360381 -1
1 1.118933 1.051790 -0.014891 0.865414 0.360381 -1
1 1.122633 1.055240 -0.131176 0.865414 0.210517 -1
1 1.118933 1.051790 -0.131176 0.865414 0.210517 -1
1 1.218599 0.948890 -0.073836 0.991626 0.284415 -1
1 0.200924 0.002630 -0.276514 0.414708 0.639165 -1
1 0.267039 0.002630 -0.073034 0.449946 0.747619 -1
1 -0.079142 0.002630 -0.073034 0.265433 0.747619 -1
1 0.298107 0.748220 -0.347121 0.466506 0.601531 -1
1 0.387163 0.748220 -0.073034 0.513973 0.747619 -1
1 0.027833 0.002630 -0.402271 0.322451 0.572136 -1
1 0.064954 0.748220 -0.516516 0.342236 0.511243 -1
1 -0.186118 0.002630 -0.402271 0.208415 0.572136 -1
1 -0.223239 0.748220 -0.516516 0.188629 0.511243 -1
1 -0.359208 0.002630 -0.276514 0.116158 0.639165 -1
1 -0.456391 0.748220 -0.347121 0.064360 0.601531 -1
1 -0.425323 0.002630 -0.073034 0.080919 0.747619 -1
1 -0.545448 0.748220 -0.073034 0.016893 0.747619 -1
1 -0.359208 0.002630 0.130446 0.116158 0.856074 -1
1 -0.456391 0.748220 0.201054 0.064360 0.893707 -1
1 -0.186118 0.002630 0.256204 0.208415 0.923102 -1
1 -0.223239 0.748220 0.370449 0.188630 0.983995 -1
1 0.027833 0.002630 0.256204 0.322451 0.923102 -1
1 0.064954 0.748220 0.370449 0.342236 0.983995 -1
1 0.200924 0.002630 0.130446 0.414708 0.856073 -1
1 0.298107 0.748220 0.201054 0.466506 0.893707 -1
1 0.296803 0.748220 -0.073034 0.465811 0.747619 -1
1 0.225004 0.748220 -0.294009 0.427542 0.629840 -1
1 0.037031 0.748220 -0.430579 0.327353 0.557048 -1
1 -0.195316 0.748220 -0.430579 0.203512 0.557048 -1
1 -0.383289 0.748220 -0.294009 0.103323 0.629840 -1
1 -0.455088 0.748220 -0.073034 0.065054 0.747619 -1
1 -0.383289 0.748220 0.147941 0.103323 0.865398 -1
1 -0.195316 0.748220 0.284512 0.203512 0.938190 -1
1 0.037031 0.748220 0.284512 0.327353 0.938190 -1
1 0.225004 0.748220 0.147941 0.427542 0.865398 -1
1 0.296803 0.631032 -0.073034 0.465811 0.747619 -1
1 0.225004 0.631032 -0.294009 0.427542 0.629840 -1
1 0.037031 0.631032 -0.430579 0.327353 0.557048 -1
1 -0.195316 0.631032 -0.430579 0.203512 0.557048 -1
1 -0.383289 0.631032 -0.294009 0.103323 0.629840 -1
1 -0.455088 0.631032 -0.073034 0.065054 0.747619 -1
1 -0.383289 0.631032 0.147941 0.103323 0.865398 -1
1 -0.195316 0.631032 0.284512 0.203512 0.938190 -1
1 0.037031 0.631032 0.284512 0.327353 0.938190 -1
1 0.225004 0.631032 0.147941 0.427542 0.865398 -1
1 0.225004 0.631032 -0.294009 0.957638 0.611267 -1
1 -0.079142 0.631032 -0.073034 0.769966 0.747619 -1
1 0.296803 0.631032 -0.073034 1.001942 0.747619 -1
1 0.037031 0.631032 -0.430579 0.841650 0.526997 -1
1 -0.195316 0.631032 -0.430579 0.698282 0.526997 -1
1 -0.383289 0.631032 -0.294009 0.582294 0.611267 -1
1 -0.455088 0.631032 -0.073034 0.537991 0.747619 -1
1 -0.383289 0.631032 0.147941 0.582294 0.883971 -1
1 -0.195316 0.631032 0.284512 0.698282 0.968241 -1
1 0.037031 0.631032 0.284512 0.841650 0.968241 -1
1 0.225004 0.631032 0.147941 0.957638 0.883971 -1
1 -0.002589 0.877463 0.255525 0.422673 0.067348 -1
1 -0.114990 0.627583 -0.099445 0.024853 0.067348 -1
1 -0.113093 0.621964 -0.096090 0.024853 0.067348 -1
1 -0.000692 0.871844 0.258880 0.422673 0.067348 -1
1 -0.071492 0.632131 -0.116420 0.024853 0.025728 -1
1 0.040908 0.882012 0.238550 0.422673 0.025728 -1
1 0.042805 0.876392 0.241905 0.422673 0.025728 -1
1 -0.069596 0.626512 -0.113065 0.024853 0.025728 -1
1 -0.040244 0.912282 0.507917 0.234358 0.474020 -1
1 -0.002589 0.877463 0.255525 0.024007 0.315679 -1
1 -0.000692 0.871844 0.258880 0.024007 0.315679 -1
1 -0.039330 0.898334 0.506521 0.234358 0.474020 -1
1 0.231088 0.940656 0.402028 0.234358 0.096877 -1
1 0.040908 0.882012 0.238550 0.024007 0.255219 -1
1 0.232001 0.926706 0.400632 0.234358 0.096877 -1
1 0.042805 0.876392 0.241905 0.024007 0.255219 -1
1 0.161907 0.910503 0.928777 0.612992 0.428949 -1
1 0.161303 0.903575 0.925376 0.612992 0.428949 -1
1 0.368384 0.932094 0.848197 0.612992 0.141949 -1
1 0.367781 0.925166 0.844796 0.612992 0.141949 -1
1 0.313218 0.747693 1.125835 0.865414 0.360381 -1
1 0.311833 0.745249 1.121630 0.865414 0.360381 -1
1 0.421035 0.758968 1.083759 0.865414 0.210517 -1
1 0.419649 0.756523 1.079553 0.865414 0.210517 -1
1 0.403820 0.627653 1.162928 0.991626 0.284415 -1
1 -0.303686 0.854052 -0.231338 0.422673 0.067348 -1
1 -0.016571 0.578778 -0.057517 0.024853 0.067348 -1
1 -0.020339 0.573451 -0.058691 0.024853 0.067348 -1
1 -0.307454 0.848724 -0.232512 0.422673 0.067348 -1
1 -0.033541 0.583880 -0.012970 0.024853 0.025728 -1
1 -0.320656 0.859152 -0.186792 0.422673 0.025728 -1
1 -0.324424 0.853826 -0.187966 0.422673 0.025728 -1
1 -0.037309 0.578551 -0.014145 0.024853 0.025728 -1
1 -0.440596 0.902944 -0.443972 0.234358 0.474020 -1
1 -0.303686 0.854052 -0.231338 0.024007 0.315679 -1
1 -0.307454 0.848724 -0.232512 0.024007 0.315679 -1
1 -0.441179 0.888978 -0.442527 0.234358 0.474020 -1
1 -0.546452 0.934760 -0.166094 0.234358 0.096877 -1
1 -0.320656 0.859152 -0.186792 0.024007 0.255219 -1
1 -0.547036 0.920795 -0.164649 0.234358 0.096877 -1
1 -0.324424 0.853826 -0.187966 0.024007 0.255219 -1
1 -0.844896 0.934592 -0.604817 0.612992 0.428949 -1
1 -0.842744 0.927450 -0.602885 0.612992 0.428949 -1
1 -0.925451 0.958802 -0.393357 0.612992 0.141949 -1
1 -0.923299 0.951661 -0.391425 0.612992 0.141949 -1
1 -1.081415 0.789950 -0.641409 0.865414 0.360381 -1
1 -1.077945 0.787201 -0.639379 0.865414 0.360381 -1
1 -1.123479 0.802592 -0.530989 0.865414 0.210517 -1
1 -1.120008 0.799844 -0.528960 0.865414 0.210517 -1
1 -1.172040 0.675861 -0.604242 0.991626 0.284415 -1
1 -0.345787 0.846614 0.026616 0.422673 0.067348 -1
1 -0.087437 0.626395 -0.046534 0.024853 0.067348 -1
1 -0.090180 0.622134 -0.044970 0.024853 0.067348 -1
1 -0.348529 0.842353 0.028180 0.422673 0.067348 -1
1 -0.070633 0.630476 -0.012301 0.024853 0.025728 -1
1 -0.328982 0.850695 0.060848 0.422673 0.025728 -1
1 -0.331725 0.846433 0.062413 0.422673 0.025728 -1
1 -0.073375 0.626214 -0.010737 0.024853 0.025728 -1
1 -0.544893 0.885728 -0.009295 0.234358 0.474020 -1
1 -0.345787 0.846614 0.026616 0.024007 0.315679 -1
1 -0.348529 0.842353 0.028180 0.024007 0.315679 -1
1 -0.544366 0.874556 -0.008164 0.234358 0.474020 -1
1 -0.440066 0.911182 0.204250 0.234358 0.096877 -1
1 -0.328982 0.850695 0.060848 0.024007 0.255219 -1
1 -0.439539 0.900008 0.205380 0.234358 0.096877 -1
1 -0.331725 0.846433 0.062413 0.024007 0.255219 -1
1 -0.859586 0.911046 0.139499 0.612992 0.428949 -1
1 -0.857282 0.905333 0.139293 0.612992 0.428949 -1
1 -0.779815 0.930415 0.302002 0.612992 0.141949 -1
1 -0.777511 0.924702 0.301797 0.612992 0.141949 -1
1 -1.010040 0.795333 0.257917 0.865414 0.360381 -1
1 -1.006959 0.793134 0.256994 0.865414 0.360381 -1
1 -0.968386 0.805447 0.342773 0.865414 0.210517 -1
1 -0.965305 0.803248 0.341849 0.865414 0.210517 -1
1 -1.037739 0.704061 0.331219 0.991626 0.284415 -1
1 -0.031399 0.846614 -0.306845 0.422673 0.067348 -1
1 -0.008888 0.626395 -0.039284 0.024853 0.067348 -1
1 -0.009900 0.622134 -0.042275 0.024853 0.067348 -1
1 -0.032410 0.842353 -0.309836 0.422673 0.067348 -1
1 -0.045698 0.630476 -0.029320 0.024853 0.025728 -1
1 -0.068209 0.850695 -0.296881 0.422673 0.025728 -1
1 -0.069221 0.846433 -0.299872 0.422673 0.025728 -1
1 -0.046711 0.626214 -0.032311 0.024853 0.025728 -1
1 0.041843 0.885728 -0.495441 0.234358 0.474020 -1
1 -0.031399 0.846614 -0.306845 0.024007 0.315679 -1
1 -0.032410 0.842353 -0.309836 0.024007 0.315679 -1
1 0.040633 0.874556 -0.495139 0.234358 0.474020 -1
1 -0.187780 0.911182 -0.433286 0.234358 0.096877 -1
1 -0.068209 0.850695 -0.296881 0.024007 0.255219 -1
1 -0.188990 0.900008 -0.432985 0.234358 0.096877 -1
1 -0.069221 0.846433 -0.299872 0.024007 0.255219 -1
1 -0.044170 0.911046 -0.832744 0.612992 0.428949 -1
1 -0.044408 0.905333 -0.830442 0.612992 0.428949 -1
1 -0.218909 0.930415 -0.785445 0.612992 0.141949 -1
1 -0.219147 0.924702 -0.783144 0.612992 0.141949 -1
1 -0.131705 0.795333 -1.003028 0.865414 0.360381 -1
1 -0.131387 0.793134 -0.999828 0.865414 0.360381 -1
1 -0.222949 0.805447 -0.978331 0.865414 0.210517 -1
1 -0.222631 0.803248 -0.975130 0.865414 0.210517 -1
1 -0.198374 0.704061 -1.044205 0.991626 0.284415 -1
1 0.159442 1.249805 0.078215 0.422673 0.067348 -1
1 -0.089310 0.683892 -0.089571 0.024853 0.067348 -1
1 -0.085113 0.676149 -0.086739 0.024853 0.067348 -1
1 0.163640 1.242063 0.081047 0.422673 0.067348 -1
1 -0.063077 0.683892 -0.128463 0.024853 0.025728 -1
1 0.185676 1.249805 0.039323 0.422673 0.025728 -1
1 0.189874 1.242063 0.042154 0.422673 0.025728 -1
1 -0.058879 0.676149 -0.125632 0.024853 0.025728 -1
1 0.259512 1.417856 0.293913 0.234358 0.474020 -1
1 0.159442 1.249805 0.078215 0.024007 0.315679 -1
1 0.163640 1.242063 0.081047 0.024007 0.315679 -1
1 0.261534 1.394361 0.295277 0.234358 0.474020 -1
1 0.423154 1.417856 0.051304 0.234358 0.096877 -1
1 0.185676 1.249805 0.039323 0.024007 0.255219 -1
1 0.425176 1.394361 0.052668 0.234358 0.096877 -1
1 0.189874 1.242063 0.042154 0.024007 0.255219 -1
1 0.654682 1.599918 0.518274 0.612992 0.428949 -1
1 0.653347 1.587059 0.517374 0.612992 0.428949 -1
1 0.779211 1.599918 0.333652 0.612992 0.141949 -1
1 0.777876 1.587059 0.332752 0.612992 0.141949 -1
1 0.910128 1.419466 0.626398 0.865414 0.360381 -1
1 0.907061 1.413608 0.624329 0.865414 0.360381 -1
1 0.975153 1.419466 0.529993 0.865414 0.210517 -1
1 0.972086 1.413608 0.527924 0.865414 0.210517 -1
1 1.022649 1.238860 0.631194 0.991626 0.284415 -1
1 -0.173939 1.117562 0.221367 0.422673 0.067348 -1
1 -0.068626 0.693210 -0.135770 0.024853 0.067348 -1
1 -0.068929 0.683667 -0.131928 0.024853 0.067348 -1
1 -0.174242 1.108020 0.225209 0.422673 0.067348 -1
1 -0.023073 0.700935 -0.125520 0.024853 0.025728 -1
1 -0.128386 1.125286 0.231617 0.422673 0.025728 -1
1 -0.128690 1.115745 0.235460 0.422673 0.025728 -1
1 -0.023377 0.691392 -0.121678 0.024853 0.025728 -1
1 -0.346292 1.176693 0.409553 0.234358 0.474020 -1
1 -0.173939 1.117562 0.221367 0.024007 0.315679 -1
1 -0.174242 1.108020 0.225209 0.024007 0.315679 -1
1 -0.344754 1.153005 0.408907 0.234358 0.474020 -1
1 -0.062136 1.224878 0.473493 0.234358 0.096877 -1
1 -0.128386 1.125286 0.231617 0.024007 0.255219 -1
1 -0.060598 1.201188 0.472847 0.234358 0.096877 -1
1 -0.128690 1.115745 0.235460 0.024007 0.255219 -1
1 -0.414044 1.173671 0.871503 0.612992 0.428949 -1
1 -0.412642 1.161907 0.868346 0.612992 0.428949 -1
1 -0.197806 1.210338 0.920160 0.612992 0.141949 -1
1 -0.196404 1.198573 0.917003 0.612992 0.141949 -1
1 -0.398794 0.897185 1.119483 0.865414 0.360381 -1
1 -0.397591 0.893033 1.115222 0.865414 0.360381 -1
1 -0.285881 0.916332 1.144892 0.865414 0.210517 -1
1 -0.284677 0.912180 1.140630 0.865414 0.210517 -1
1 -0.344423 0.693330 1.200899 0.991626 0.284415 -1
1 -0.151310 1.077805 -0.350632 0.422673 0.067348 -1
1 -0.010480 0.610330 -0.045975 0.024853 0.067348 -1
1 -0.012947 0.601283 -0.049056 0.024853 0.067348 -1
1 -0.153777 1.068758 -0.353713 0.422673 0.067348 -1
1 -0.049458 0.618992 -0.018534 0.024853 0.025728 -1
1 -0.190288 1.086467 -0.323191 0.422673 0.025728 -1
1 -0.192755 1.077420 -0.326272 0.422673 0.025728 -1
1 -0.051925 0.609944 -0.021615 0.024853 0.025728 -1
1 -0.145909 1.160835 -0.603472 0.234358 0.474020 -1
1 -0.151310 1.077805 -0.350632 0.024007 0.315679 -1
1 -0.153777 1.068758 -0.353713 0.024007 0.315679 -1
1 -0.147201 1.137119 -0.602601 0.234358 0.474020 -1
1 -0.389055 1.214866 -0.432296 0.234358 0.096877 -1
1 -0.190288 1.086467 -0.323191 0.024007 0.255219 -1
1 -0.390347 1.191149 -0.431424 0.234358 0.096877 -1
1 -0.192755 1.077420 -0.326272 0.024007 0.255219 -1
1 -0.391146 1.214579 -0.962901 0.612992 0.428949 -1
1 -0.390442 1.202451 -0.960096 0.612992 0.428949 -1
1 -0.576176 1.255696 -0.832638 0.612992 0.141949 -1
1 -0.575472 1.243568 -0.829834 0.612992 0.141949 -1
1 -0.566767 0.968947 -1.125497 0.865414 0.360381 -1
1 -0.565025 0.964278 -1.121874 0.865414 0.360381 -1
1 -0.663385 0.990416 -1.057477 0.865414 0.210517 -1
1 -0.661643 0.985748 -1.053854 0.865414 0.210517 -1
1 -0.662682 0.775196 -1.145361 0.991626 0.284415 -1
1 -0.330458 1.065174 -0.160321 0.422673 0.067348 -1
1 -0.075372 0.691195 -0.076498 0.024853 0.067348 -1
1 -0.078520 0.683957 -0.076735 0.024853 0.067348 -1
1 -0.333606 1.057937 -0.160558 0.422673 0.067348 -1
1 -0.080583 0.698124 -0.038721 0.024853 0.025728 -1
1 -0.335669 1.072104 -0.122544 0.422673 0.025728 -1
1 -0.338818 1.064866 -0.122781 0.422673 0.025728 -1
1 -0.083731 0.690886 -0.038958 0.024853 0.025728 -1
1 -0.475444 1.131599 -0.301431 0.234358 0.474020 -1
1 -0.330458 1.065174 -0.160321 0.024007 0.315679 -1
1 -0.333606 1.057937 -0.160558 0.024007 0.315679 -1
1 -0.475639 1.112625 -0.300199 0.234358 0.474020 -1
1 -0.507951 1.174823 -0.065776 0.234358 0.096877 -1
1 -0.335669 1.072104 -0.122544 0.024007 0.255219 -1
1 -0.508147 1.155850 -0.064544 0.234358 0.096877 -1
1 -0.338818 1.064866 -0.122781 0.024007 0.255219 -1
1 -0.819541 1.174594 -0.354050 0.612992 0.428949 -1
1 -0.817515 1.164891 -0.352932 0.612992 0.428949 -1
1 -0.844278 1.207486 -0.174721 0.612992 0.141949 -1
1 -0.842253 1.197785 -0.173603 0.612992 0.141949 -1
1 -1.010491 0.978088 -0.340009 0.865414 0.360381 -1
1 -1.007421 0.974353 -0.339052 0.865414 0.360381 -1
1 -1.023409 0.995263 -0.246368 0.865414 0.210517 -1
1 -1.020338 0.991529 -0.245411 0.865414 0.210517 -1
1 -1.074445 0.823088 -0.294729 0.991626 0.284415 -1
1 0.116650 1.065174 -0.260969 0.422673 0.067348 -1
1 -0.014306 0.691195 -0.026563 0.024853 0.067348 -1
1 -0.013472 0.683957 -0.029609 0.024853 0.067348 -1
1 0.117484 1.057937 -0.264014 0.422673 0.067348 -1
1 -0.050395 0.698124 -0.038887 0.024853 0.025728 -1
1 0.080562 1.072104 -0.273293 0.422673 0.025728 -1
1 0.081395 1.064866 -0.276338 0.422673 0.025728 -1
1 -0.049561 0.690886 -0.041933 0.024853 0.025728 -1
1 0.282832 1.131599 -0.376366 0.234358 0.474020 -1
1 0.116650 1.065174 -0.260969 0.024007 0.315679 -1
1 0.117484 1.057937 -0.264014 0.024007 0.315679 -1
1 0.281660 1.112625 -0.376793 0.234358 0.474020 -1
1 0.057709 1.174823 -0.453241 0.234358 0.096877 -1
1 0.080562 1.072104 -0.273293 0.024007 0.255219 -1
1 0.056538 1.155850 -0.453668 0.234358 0.096877 -1
1 0.081395 1.064866 -0.276338 0.024007 0.255219 -1
1 0.400142 1.174594 -0.704100 0.612992 0.428949 -1
1 0.398657 1.164891 -0.702326 0.612992 0.428949 -1
1 0.228828 1.207486 -0.762601 0.612992 0.141949 -1
1 0.227343 1.197785 -0.760826 0.612992 0.141949 -1
1 0.422794 0.978088 -0.894222 0.865414 0.360381 -1
1 0.421268 0.974353 -0.891391 0.865414 0.360381 -1
1 0.333338 0.995263 -0.924770 0.865414 0.210517 -1
1 0.331813 0.991529 -0.921939 0.865414 0.210517 -1
1 0.390548 0.823088 -0.965640 0.991626 0.284415 -1
1 -0.209496 0.988197 0.063322 0.422673 0.067348 -1
1 -0.042750 0.721604 -0.109349 0.024853 0.067348 -1
1 -0.045564 0.717958 -0.106434 0.024853 0.067348 -1
1 -0.212310 0.984549 0.066236 0.422673 0.067348 -1
1 -0.015754 0.721604 -0.083278 0.024853 0.025728 -1
1 -0.182499 0.988197 0.089392 0.422673 0.025728 -1
1 -0.185313 0.984549 0.092306 0.422673 0.025728 -1
1 -0.018567 0.717958 -0.080364 0.024853 0.025728 -1
1 -0.393335 1.067362 0.112197 0.234358 0.474020 -1
1 -0.209496 0.988197 0.063322 0.024007 0.315679 -1
1 -0.212310 0.984549 0.066236 0.024007 0.315679 -1
1 -0.394690 1.056294 0.113600 0.234358 0.474020 -1
1 -0.224928 1.067362 0.274824 0.234358 0.096877 -1
1 -0.182499 0.988197 0.089392 0.024007 0.255219 -1
1 -0.226284 1.056294 0.276228 0.234358 0.096877 -1
1 -0.185313 0.984549 0.092306 0.024007 0.255219 -1
1 -0.624992 1.153128 0.392362 0.612992 0.428949 -1
1 -0.624098 1.147070 0.391436 0.612992 0.428949 -1
1 -0.496838 1.153128 0.516119 0.612992 0.141949 -1
1 -0.495944 1.147070 0.515193 0.612992 0.141949 -1
1 -0.745663 1.068120 0.578593 0.865414 0.360381 -1
1 -0.743608 1.065360 0.576465 0.865414 0.360381 -1
1 -0.678745 1.068120 0.643216 0.865414 0.210517 -1
1 -0.676689 1.065360 0.641088 0.865414 0.210517 -1
1 -0.765073 0.983041 0.666577 0.991626 0.284415 -1
1 0.171540 0.907171 -0.121928 0.422673 0.067348 -1
1 -0.088048 0.686952 -0.053298 0.024853 0.067348 -1
1 -0.085278 0.682690 -0.054814 0.024853 0.067348 -1
1 0.174309 0.902909 -0.123444 0.422673 0.067348 -1
1 -0.104253 0.691032 -0.087819 0.024853 0.025728 -1
1 0.155335 0.911250 -0.156449 0.422673 0.025728 -1
1 0.158105 0.906988 -0.157965 0.422673 0.025728 -1
1 -0.101483 0.686770 -0.089335 0.024853 0.025728 -1
1 0.369988 0.946284 -0.082549 0.234358 0.474020 -1
1 0.171540 0.907171 -0.121928 0.024007 0.315679 -1
1 0.174309 0.902909 -0.123444 0.024007 0.315679 -1
1 0.369481 0.935111 -0.083688 0.234358 0.474020 -1
1 0.268904 0.971736 -0.297890 0.234358 0.096877 -1
1 0.155335 0.911250 -0.156449 0.024007 0.255219 -1
1 0.268398 0.960565 -0.299029 0.234358 0.096877 -1
1 0.158105 0.906988 -0.157965 0.024007 0.255219 -1
1 0.687231 0.971602 -0.225827 0.612992 0.428949 -1
1 0.684923 0.965888 -0.225662 0.612992 0.428949 -1
1 0.610308 0.990971 -0.389698 0.612992 0.141949 -1
1 0.608000 0.985257 -0.389533 0.612992 0.141949 -1
1 0.839728 0.855888 -0.341601 0.865414 0.360381 -1
1 0.836632 0.853689 -0.340732 0.865414 0.360381 -1
1 0.799561 0.866002 -0.427171 0.865414 0.210517 -1
1 0.796464 0.863803 -0.426302 0.865414 0.210517 -1
1 0.868702 0.764617 -0.414408 0.991626 0.284415 -1
1 0.046490 0.901219 -0.289507 0.422673 0.067348 -1
1 -0.054986 0.725045 -0.100183 0.024853 0.067348 -1
1 -0.054362 0.721636 -0.102630 0.024853 0.067348 -1
1 0.047114 0.897811 -0.291955 0.422673 0.067348 -1
1 -0.084025 0.728310 -0.109536 0.024853 0.025728 -1
1 0.017451 0.904484 -0.298861 0.422673 0.025728 -1
1 0.018075 0.901075 -0.301308 0.422673 0.025728 -1
1 -0.083400 0.724900 -0.111984 0.024853 0.025728 -1
1 0.177804 0.932512 -0.384131 0.234358 0.474020 -1
1 0.046490 0.901219 -0.289507 0.024007 0.315679 -1
1 0.047114 0.897811 -0.291955 0.024007 0.315679 -1
1 0.176861 0.923574 -0.384456 0.234358 0.474020 -1
1 -0.003340 0.952873 -0.442478 0.234358 0.096877 -1
1 0.017451 0.904484 -0.298861 0.024007 0.255219 -1
1 -0.004283 0.943936 -0.442803 0.234358 0.096877 -1
1 0.018075 0.901075 -0.301308 0.024007 0.255219 -1
1 0.267062 0.952766 -0.647917 0.612992 0.428949 -1
1 0.265899 0.948195 -0.646476 0.612992 0.428949 -1
1 0.129215 0.968261 -0.692318 0.612992 0.141949 -1
1 0.128052 0.963690 -0.690878 0.612992 0.141949 -1
1 0.282526 0.860194 -0.800307 0.865414 0.360381 -1
1 0.281346 0.858436 -0.798021 0.865414 0.360381 -1
1 0.210546 0.868286 -0.823492 0.865414 0.210517 -1
1 0.209366 0.866527 -0.821206 0.865414 0.210517 -1
1 0.255737 0.787177 -0.856982 0.991626 0.284415 -1
367
-0.332344 0.299244 0.894427
-0.664689 0.598489 0.447214
0.332344 -0.299244 0.894427
0.664689 -0.598489 0.447214
-0.332344 0.299244 -0.894427
-0.664689 0.598489 -0.447214
0.332344 -0.299244 -0.894427
0.664689 -0.598489 -0.447214
-0.414464 0.600787 0.683575
-0.588848 0.691137 0.419032
-0.187559 -0.611342 0.768819
0.175561 -0.699333 0.692901
-0.343073 0.642038 -0.685630
-0.581670 0.195400 -0.789607
0.032392 -0.772214 -0.634536
0.192808 -0.915565 -0.352938
0.199286 0.670616 0.714534
0.123913 -0.715168 0.687881
0.074536 0.669006 -0.739510
-0.030811 -0.695309 -0.718050
0.476064 0.322478 0.818151
-0.278594 -0.810228 0.515670
0.546168 0.622081 -0.560995
-0.140032 -0.579259 -0.803026
0.682004 -0.731334 -0.004594
0.560385 -0.654301 -0.507798
0.751837 -0.654301 -0.081429
0.000000 -1.000000 0.000000
0.645728 0.667884 -0.370090
0.739938 0.667884 0.080140
0.154886 -0.654301 -0.740203
0.304870 0.667884 -0.678959
-0.309774 -0.654301 -0.689877
-0.152436 0.667884 -0.728488
-0.656111 -0.654301 -0.376043
-0.551517 0.667884 -0.499760
-0.751837 -0.654302 0.081429
-0.739938 0.667884 -0.080141
-0.560387 -0.654301 0.507796
-0.645728 0.667883 0.370091
-0.154888 -0.654301 0.740203
-0.304872 0.667884 0.678958
0.309774 -0.654301 0.689877
0.152435 0.667884 0.728488
0.656112 -0.654301 0.376041
0.551518 0.667884 0.499760
-0.687240 0.722607 -0.074432
-0.599739 0.722607 0.343732
-0.283158 0.722607 0.630603
0.141579 0.722607 0.676605
0.512238 0.722607 0.464167
0.687240 0.722607 0.074433
0.599740 0.722607 -0.343732
0.283159 0.722607 -0.630603
-0.141580 0.722607 -0.676605
-0.512239 0.722607 -0.464166
-0.994186 0.000000 0.107677
-0.741022 0.000000 0.671481
-0.204813 0.000000 0.978801
0.409626 0.000000 0.912253
0.867604 0.000000 0.497256
0.994186 0.000000 -0.107677
0.741024 0.000000 -0.671479
0.204814 0.000000 -0.978801
-0.409629 0.000000 -0.912252
-0.867605 0.000000 -0.497254
0.000000 1.000000 0.000000
-0.953798 0.282075 0.103453
-0.663646 0.694243 -0.278569
-0.704796 -0.455524 0.543838
-0.165657 -0.780961 0.602210
0.704839 0.455479 -0.543820
0.165656 0.780961 -0.602210
0.953787 -0.282128 -0.103412
0.663622 -0.694259 0.278586
-0.789075 0.613481 0.031657
-0.609121 0.768257 -0.196857
-0.783065 -0.620085 -0.048001
-0.576696 -0.784801 0.226957
0.507205 0.768950 -0.389177
0.514236 0.404839 -0.756086
0.600451 -0.692176 -0.400438
0.399455 -0.896425 -0.191985
-0.587824 0.530701 0.610590
-0.591396 -0.787209 0.174797
0.713585 0.700022 -0.027683
0.654217 -0.594616 -0.467368
-0.580239 0.117932 0.805863
-0.582477 -0.765763 -0.272631
0.724743 0.524208 0.447161
0.692093 -0.448061 -0.565905
0.259710 -0.869659 0.419814
0.658330 0.235121 -0.715066
0.745266 0.615640 -0.256058
0.108059 -0.447765 -0.887598
-0.380287 -0.743766 -0.549722
-0.108094 0.447738 0.887607
0.380291 0.743770 0.549714
-0.658347 -0.235153 0.715040
-0.745264 -0.615657 0.256023
0.610055 0.580975 -0.538796
0.650609 0.715541 -0.254378
0.573764 -0.649500 -0.498943
0.207683 -0.794979 -0.569980
-0.035938 0.766645 0.641065
0.216382 0.370586 0.903241
-0.206778 -0.694064 0.689578
-0.225169 -0.888019 0.400901
0.033723 0.546476 -0.836795
0.263329 -0.792971 -0.549413
-0.470828 0.715069 0.516719
-0.199021 -0.604481 0.771358
-0.148573 0.132133 -0.980034
0.578214 -0.780367 -0.238108
-0.815363 0.544067 0.197925
-0.147955 -0.462973 0.873936
-0.554145 -0.818170 -0.153363
-0.074003 0.235105 -0.969149
0.321002 0.615639 -0.719685
-0.575459 -0.447776 -0.684357
-0.661396 -0.743767 -0.096781
0.575479 0.447814 0.684315
0.661392 0.743774 0.096749
0.074035 -0.235069 0.969155
-0.321004 -0.615641 0.719682
0.021996 0.580925 -0.813660
0.257666 0.715525 -0.649332
0.026387 -0.649561 -0.759852
-0.275215 -0.794979 -0.540615
0.444335 0.766646 0.463487
0.808153 0.370632 0.457734
0.363317 -0.694052 0.621525
0.139661 -0.888017 0.438088
-0.588992 0.546503 -0.595334
-0.222263 -0.792936 -0.567320
0.056804 0.715064 0.696747
0.428401 -0.604487 0.671616
-0.818089 0.132180 -0.559696
0.220192 -0.780365 -0.585274
-0.411322 0.544065 0.731305
0.538257 -0.462978 0.704224
-0.490106 -0.818157 0.300690
0.965443 0.235165 0.112330
0.645218 0.615636 0.452422
0.781638 -0.447724 -0.434265
0.221247 -0.743758 -0.630772
-0.781556 0.447807 0.434326
-0.221198 0.743768 0.630777
-0.965472 -0.235079 -0.112257
-0.645228 -0.615629 -0.452417
0.794490 0.580956 0.176851
0.588220 0.715540 0.376829
0.740903 -0.649500 0.170917
0.583191 -0.794983 -0.167003
-0.539770 0.766633 0.347739
-0.603554 0.370581 0.705970
-0.679418 -0.694068 0.238033
-0.456670 -0.888027 0.053484
0.696805 0.546472 -0.464577
0.599278 -0.792960 -0.109912
-0.694777 0.715069 -0.077213
-0.741001 -0.604508 0.292383
0.705521 0.132154 -0.696258
0.532511 -0.780364 0.327817
-0.639315 0.544105 -0.543347
-0.794059 -0.462919 0.393925
-0.201664 -0.817957 -0.538774
-0.827748 0.209518 0.520515
-0.905199 0.418987 -0.071160
-0.172653 -0.209464 0.962453
0.405037 -0.418978 0.812651
0.172549 0.209512 -0.962461
-0.405053 0.418982 -0.812641
0.827700 -0.209470 -0.520610
0.905206 -0.418979 0.071123
-0.789681 0.556414 0.258473
-0.814961 0.575260 -0.070104
-0.570874 -0.516458 0.638259
-0.136211 -0.634075 0.761180
-0.008265 0.570317 -0.821383
-0.103228 0.203340 -0.973651
0.505705 -0.717073 -0.479656
0.543050 -0.830430 -0.124427
-0.191809 0.630671 0.751973
-0.272004 -0.677784 0.683098
0.464889 0.653943 -0.596856
0.344571 -0.659008 -0.668565
0.010881 0.277475 0.960671
-0.680523 -0.700966 0.213391
0.848817 0.523191 -0.076031
0.274166 -0.468009 -0.840119
0.693095 -0.552667 0.462794
-0.821697 0.233590 -0.519856
-0.371858 0.541984 -0.753641
-0.924238 -0.352617 0.146441
-0.503370 -0.626098 0.595500
0.924263 0.352576 -0.146384
0.503378 0.626097 -0.595494
0.821658 -0.233635 0.519898
0.371833 -0.541993 0.753646
-0.672005 0.603856 -0.428680
-0.393591 0.710238 -0.583651
-0.670327 -0.574604 -0.469565
-0.612984 -0.786433 -0.075985
0.642897 0.757600 -0.112810
0.828924 0.393479 -0.397566
0.746417 -0.664361 0.038557
0.486671 -0.857101 0.168907
-0.848768 0.465289 0.251197
-0.606691 -0.757067 -0.242435
0.585113 0.682814 0.437501
0.847326 -0.520980 -0.103045
-0.916751 0.106543 0.384990
-0.336170 -0.597610 -0.727909
0.299929 0.391320 0.870006
0.934316 -0.321661 -0.153584
-0.092923 -0.738394 0.667937
0.968907 0.184309 -0.165074
0.837946 0.451877 0.306027
0.555791 -0.329866 -0.763076
-0.116948 -0.566736 -0.815557
-0.555790 0.329867 0.763076
0.116953 0.566737 0.815556
-0.968907 -0.184309 0.165074
-0.837944 -0.451879 -0.306032
0.824887 0.560392 -0.074317
0.744799 0.629102 0.222496
0.791785 -0.591936 -0.150628
0.437456 -0.784373 -0.439763
-0.317543 0.737261 0.596332
-0.258073 0.349347 0.900752
-0.623752 -0.654973 0.426549
-0.549115 -0.823793 0.140844
0.463943 0.487648 -0.739564
0.565374 -0.765603 -0.306928
-0.700147 0.702242 0.129034
-0.576836 -0.540386 0.612571
0.379586 0.122092 -0.917065
0.745202 -0.620035 0.245420
-0.820070 0.413200 -0.395918
-0.589208 -0.342603 0.731750
-0.430292 -0.662466 -0.613178
0.540027 0.184277 -0.821226
0.795288 0.451871 -0.404141
-0.179081 -0.329896 -0.926876
-0.676220 -0.566736 -0.470677
0.179089 0.329901 0.926873
0.676229 0.566739 0.470661
-0.540027 -0.184277 0.821227
-0.795291 -0.451876 0.404130
0.508221 0.560383 -0.653974
0.670676 0.629097 -0.392977
0.429828 -0.591946 -0.681798
-0.023273 -0.784370 -0.619856
0.219564 0.737266 0.638929
0.482771 0.349368 0.803041
-0.113434 -0.654960 0.747101
-0.271474 -0.823795 0.497659
-0.224484 0.487662 -0.843678
0.161090 -0.765585 -0.622839
-0.383109 0.702229 0.600085
0.054607 -0.540381 0.839646
-0.411860 0.122125 -0.903026
0.687701 -0.620036 -0.377654
-0.848830 0.413184 0.329799
0.133405 -0.342638 0.929947
-0.741829 -0.662567 -0.103411
0.703062 0.184306 0.686829
0.244953 0.451878 0.857790
0.944026 -0.329870 0.001112
0.591069 -0.566734 -0.573977
-0.944017 0.329895 -0.001071
-0.591050 0.566740 0.573991
-0.703089 -0.184281 -0.686808
-0.244948 -0.451878 -0.857792
0.544983 0.560384 0.623669
0.257776 0.629105 0.733334
0.587258 -0.591937 0.552031
0.612887 -0.784388 0.095417
-0.669091 0.737261 0.093612
-0.880404 0.349367 0.320674
-0.711727 -0.654964 -0.253902
-0.436730 -0.823788 -0.361442
0.871034 0.487623 -0.059362
0.580599 -0.765621 0.277000
-0.515930 0.702249 -0.490573
-0.834644 -0.540371 -0.106623
0.965049 0.122061 -0.231910
0.239448 -0.620037 0.747140
-0.161760 0.413187 -0.896164
-0.938323 -0.342616 -0.046527
0.243041 -0.662681 -0.708368
-0.412578 0.299208 -0.860380
0.140016 0.598480 -0.788807
-0.874271 -0.299281 -0.382205
-0.783425 -0.598493 0.167487
0.874272 0.299277 0.382207
0.783432 0.598486 -0.167478
0.412580 -0.299207 0.860379
-0.140003 -0.598478 0.788811
-0.203811 0.600788 -0.772991
0.107614 0.691133 -0.714671
-0.422751 -0.611351 -0.668978
-0.620391 -0.699324 -0.355050
0.731524 0.642029 0.229501
0.972061 0.195376 0.130102
0.433936 -0.772220 0.464085
0.119942 -0.915565 0.383869
-0.652420 0.670629 -0.352994
-0.580921 -0.715146 -0.388712
0.480150 0.669032 0.567320
0.537923 -0.695313 0.476633
-0.919223 0.322527 -0.225845
-0.177447 -0.810221 -0.558619
0.024088 0.622125 0.782547
0.674922 -0.579187 0.457189
-0.470700 -0.731007 0.494036
0.057067 0.235117 0.970290
-0.333522 0.615650 0.713960
0.563424 -0.447772 0.694300
0.659605 -0.743766 0.108322
-0.563412 0.447755 -0.694322
-0.659605 0.743765 -0.108328
-0.057046 -0.235141 -0.970286
0.333527 -0.615653 -0.713955
-0.036200 0.580961 0.813126
-0.268978 0.715541 0.644711
-0.039661 -0.649511 0.759317
0.265733 -0.794979 0.545339
-0.436190 0.766626 -0.471193
-0.800053 0.370552 -0.471812
-0.352390 -0.694073 -0.627761
-0.131969 -0.888032 -0.440435
0.578516 0.546473 0.605546
0.212306 -0.792960 0.571087
-0.044601 0.715080 -0.697618
-0.416616 -0.604496 -0.678981
0.808197 0.132164 0.573890
-0.230356 -0.780362 0.581352
0.424078 0.544104 -0.723954
-0.525823 -0.462912 -0.713598
0.495606 -0.817930 -0.292172
0.748565 0.235092 0.619986
0.294720 0.615637 0.730842
0.892026 -0.447789 0.061430
0.529058 -0.743769 -0.408542
-0.892052 0.447729 -0.061499
-0.529053 0.743771 0.408542
-0.748509 -0.235166 -0.620025
-0.294670 -0.615663 -0.730841
0.570017 0.580932 0.581032
0.288111 0.715508 0.636427
0.528252 -0.649600 0.546782
0.580061 -0.794984 0.177566
-0.642060 0.766651 -0.002336
-0.890668 0.370610 0.263360
-0.699464 -0.694056 -0.170404
-0.412141 -0.888018 -0.203870
0.837420 0.546466 -0.010117
0.562477 -0.792951 0.234199
-0.540650 0.715073 -0.443135
-0.780725 -0.604469 -0.158386
0.970897 0.132197 -0.199709
0.268105 -0.780354 0.564949
-0.240337 0.544055 -0.803892
-0.880480 -0.462980 -0.101999
0.124205 -0.818094 -0.561511
548
1 0 1 2 0 1 2 1
1 3 0 2 3 0 2 1
1 4 5 6 4 5 6 1
1 7 4 6 7 4 6 1
1 5 4 1 5 4 1 1
1 0 5 1 0 5 1 1
1 3 2 7 3 2 7 1
1 6 3 7 6 3 7 1
1 8 9 10 8 9 10 1
1 11 8 10 11 8 10 1
1 12 13 9 12 13 9 1
1 8 12 9 8 12 9 1
1 14 15 13 14 15 13 1
1 12 14 13 12 14 13 1
1 11 10 15 11 10 15 1
1 14 11 15 14 11 15 1
1 16 8 11 16 8 11 1
1 17 16 11 17 16 11 1
1 18 12 8 18 12 8 1
1 16 18 8 16 18 8 1
1 19 14 12 19 14 12 1
1 18 19 12 18 19 12 1
1 17 11 14 17 11 14 1
1 19 17 14 19 17 14 1
1 20 16 17 20 16 17 1
1 21 20 17 21 20 17 1
1 22 18 16 22 18 16 1
1 20 22 16 20 22 16 1
1 23 19 18 23 19 18 1
1 22 23 18 22 23 18 1
1 21 17 19 21 17 19 1
1 23 21 19 23 21 19 1
1 24 20 21 24 20 21 1
1 24 22 20 24 22 20 1
1 24 23 22 24 23 22 1
1 24 21 23 24 21 23 1
1 25 26 27 25 26 27 2
1 28 29 26 28 29 26 2
1 25 28 26 25 28 26 2
1 30 25 27 30 25 27 2
1 31 28 25 31 28 25 2
1 30 31 25 30 31 25 2
1 32 30 27 32 30 27 2
1 33 31 30 33 31 30 2
1 32 33 30 32 33 30 2
1 34 32 27 34 32 27 2
1 35 33 32 35 33 32 2
1 34 35 32 34 35 32 2
1 36 34 27 36 34 27 2
1 37 35 34 37 35 34 2
1 36 37 34 36 37 34 2
1 38 36 27 38 36 27 2
1 39 37 36 39 37 36 2
1 38 39 36 38 39 36 2
1 40 38 27 40 38 27 2
1 41 39 38 41 39 38 2
1 40 41 38 40 41 38 2
1 42 40 27 42 40 27 2
1 43 41 40 43 41 40 2
1 42 43 40 42 43 40 2
1 44 42 27 44 42 27 2
1 45 43 42 45 43 42 2
1 44 45 42 44 45 42 2
1 26 44 27 26 44 27 2
1 29 45 44 29 45 44 2
1 26 29 44 26 29 44 2
1 46 29 28 46 29 28 2
1 47 46 28 47 46 28 2
1 47 28 31 47 28 31 2
1 48 47 31 48 47 31 2
1 48 31 33 48 31 33 2
1 49 48 33 49 48 33 2
1 49 33 35 49 33 35 2
1 50 49 35 50 49 35 2
1 50 35 37 50 35 37 2
1 51 50 37 51 50 37 2
1 51 37 39 51 37 39 2
1 52 51 39 52 51 39 2
1 52 39 41 52 39 41 2
1 53 52 41 53 52 41 2
1 53 41 43 53 41 43 2
1 54 53 43 54 53 43 2
1 54 43 45 54 43 45 2
1 55 54 45 55 54 45 2
1 55 45 29 55 45 29 2
1 46 55 29 46 55 29 2
1 56 46 47 56 46 47 2
1 57 56 47 57 56 47 2
1 57 47 48 57 47 48 2
1 58 57 48 58 57 48 2
1 58 48 49 58 48 49 2
1 59 58 49 59 58 49 2
1 59 49 50 59 49 50 2
1 60 59 50 60 59 50 2
1 60 50 51 60 50 51 2
1 61 60 51 61 60 51 2
1 61 51 52 61 51 52 2
1 62 61 52 62 61 52 2
1 62 52 53 62 52 53 2
1 63 62 53 63 62 53 2
1 63 53 54 63 53 54 2
1 64 63 54 64 63 54 2
1 64 54 55 64 54 55 2
1 65 64 55 65 64 55 2
1 65 55 46 65 55 46 2
1 56 65 46 56 65 46 2
1 66 67 68 66 66 66 2
1 69 67 66 66 66 66 2
1 70 67 69 66 66 66 2
1 71 67 70 66 66 66 2
1 72 67 71 66 66 66 2
1 73 67 72 66 66 66 2
1 74 67 73 66 66 66 2
1 75 67 74 66 66 66 2
1 76 67 75 66 66 66 2
1 68 67 76 66 66 66 2
1 77 78 79 67 68 69 1
1 80 77 79 70 67 69 1
1 81 82 83 71 72 73 1
1 84 81 83 74 71 73 1
1 82 81 78 72 71 68 1
1 77 82 78 67 72 68 1
1 80 79 84 70 69 74 1
1 83 80 84 73 70 74 1
1 85 86 87 75 76 77 1
1 88 85 87 78 75 77 1
1 89 90 86 79 80 76 1
1 85 89 86 75 79 76 1
1 91 92 90 81 82 80 1
1 89 91 90 79 81 80 1
1 88 87 92 78 77 82 1
1 91 88 92 81 78 82 1
1 93 85 88 83 75 78 1
1 94 93 88 84 83 78 1
1 95 89 85 85 79 75 1
1 93 95 85 83 85 75 1
1 96 91 89 86 81 79 1
1 95 96 89 85 86 79 1
1 94 88 91 84 78 81 1
1 96 94 91 86 84 81 1
1 97 93 94 87 83 84 1
1 98 97 94 88 87 84 1
1 99 95 93 89 85 83 1
1 97 99 93 87 89 83 1
1 100 96 95 90 86 85 1
1 99 100 95 89 90 85 1
1 98 94 96 88 84 86 1
1 100 98 96 90 88 86 1
1 101 97 98 91 87 88 1
1 101 99 97 91 89 87 1
1 101 100 99 91 90 89 1
1 101 98 100 91 88 90 1
1 102 103 104 92 93 94 1
1 105 102 104 95 92 94 1
1 106 107 108 96 97 98 1
1 109 106 108 99 96 98 1
1 107 106 103 97 96 93 1
1 102 107 103 92 97 93 1
1 105 104 109 95 94 99 1
1 108 105 109 98 95 99 1
1 110 111 112 100 101 102 1
1 113 110 112 103 100 102 1
1 114 115 111 104 105 101 1
1 110 114 111 100 104 101 1
1 116 117 115 106 107 105 1
1 114 116 115 104 106 105 1
1 113 112 117 103 102 107 1
1 116 113 117 106 103 107 1
1 118 110 113 108 100 103 1
1 119 118 113 109 108 103 1
1 120 114 110 110 104 100 1
1 118 120 110 108 110 100 1
1 121 116 114 111 106 104 1
1 120 121 114 110 111 104 1
1 119 113 116 109 103 106 1
1 121 119 116 111 109 106 1
1 122 118 119 112 108 109 1
1 123 122 119 113 112 109 1
1 124 120 118 114 110 108 1
1 122 124 118 112 114 108 1
1 125 121 120 115 111 110 1
1 124 125 120 114 115 110 1
1 123 119 121 113 109 111 1
1 125 123 121 115 113 111 1
1 126 122 123 116 112 113 1
1 126 124 122 116 114 112 1
1 126 125 124 116 115 114 1
1 126 123 125 116 113 115 1
1 127 128 129 117 118 119 1
1 130 127 129 120 117 119 1
1 131 132 133 121 122 123 1
1 134 131 133 124 121 123 1
1 132 131 128 122 121 118 1
1 127 132 128 117 122 118 1
1 130 129 134 120 119 124 1
1 133 130 134 123 120 124 1
1 135 136 137 125 126 127 1
1 138 135 137 128 125 127 1
1 139 140 136 129 130 126 1
1 135 139 136 125 129 126 1
1 141 142 140 131 132 130 1
1 139 141 140 129 131 130 1
1 138 137 142 128 127 132 1
1 141 138 142 131 128 132 1
1 143 135 138 133 125 128 1
1 144 143 138 134 133 128 1
1 145 139 135 135 129 125 1
1 143 145 135 133 135 125 1
1 146 141 139 136 131 129 1
1 145 146 139 135 136 129 1
1 144 138 141 134 128 131 1
1 146 144 141 136 134 131 1
1 147 143 144 137 133 134 1
1 148 147 144 138 137 134 1
1 149 145 143 139 135 133 1
1 147 149 143 137 139 133 1
1 150 146 145 140 136 135 1
1 149 150 145 139 140 135 1
1 148 144 146 138 134 136 1
1 150 148 146 140 138 136 1
1 151 147 148 141 137 138 1
1 151 149 147 141 139 137 1
1 151 150 149 141 140 139 1
1 151 148 150 141 138 140 1
1 152 153 154 142 143 144 1
1 155 152 154 145 142 144 1
1 156 157 158 146 147 148 1
1 159 156 158 149 146 148 1
1 157 156 153 147 146 143 1
1 152 157 153 142 147 143 1
1 155 154 159 145 144 149 1
1 158 155 159 148 145 149 1
1 160 161 162 150 151 152 1
1 163 160 162 153 150 152 1
1 164 165 161 154 155 151 1
1 160 164 161 150 154 151 1
1 166 167 165 156 157 155 1
1 164 166 165 154 156 155 1
1 163 162 167 153 152 157 1
1 166 163 167 156 153 157 1
1 168 160 163 158 150 153 1
1 169 168 163 159 158 153 1
1 170 164 160 160 154 150 1
1 168 170 160 158 160 150 1
1 171 166 164 161 156 154 1
1 170 171 164 160 161 154 1
1 169 163 166 159 153 156 1
1 171 169 166 161 159 156 1
1 172 168 169 162 158 159 1
1 173 172 169 163 162 159 1
1 174 170 168 164 160 158 1
1 172 174 168 162 164 158 1
1 175 171 170 165 161 160 1
1 174 175 170 164 165 160 1
1 173 169 171 163 159 161 1
1 175 173 171 165 163 161 1
1 176 172 173 166 162 163 1
1 176 174 172 166 164 162 1
1 176 175 174 166 165 164 1
1 176 173 175 166 163 165 1
1 177 178 179 167 168 169 1
1 180 177 179 170 167 169 1
1 181 182 183 171 172 173 1
1 184 181 183 174 171 173 1
1 182 181 178 172 171 168 1
1 177 182 178 167 172 168 1
1 180 179 184 170 169 174 1
1 183 180 184 173 170 174 1
1 185 186 187 175 176 177 1
1 188 185 187 178 175 177 1
1 189 190 186 179 180 176 1
1 185 189 186 175 179 176 1
1 191 192 190 181 182 180 1
1 189 191 190 179 181 180 1
1 188 187 192 178 177 182 1
1 191 188 192 181 178 182 1
1 193 185 188 183 175 178 1
1 194 193 188 184 183 178 1
1 195 189 185 185 179 175 1
1 193 195 185 183 185 175 1
1 196 191 189 186 181 179 1
1 195 196 189 185 186 179 1
1 194 188 191 184 178 181 1
1 196 194 191 186 184 181 1
1 197 193 194 187 183 184 1
1 198 197 194 188 187 184 1
1 199 195 193 189 185 183 1
1 197 199 193 187 189 183 1
1 200 196 195 190 186 185 1
1 199 200 195 189 190 185 1
1 198 194 196 188 184 186 1
1 200 198 196 190 188 186 1
1 201 197 198 191 187 188 1
1 201 199 197 191 189 187 1
1 201 200 199 191 190 189 1
1 201 198 200 191 188 190 1
1 202 203 204 192 193 194 1
1 205 202 204 195 192 194 1
1 206 207 208 196 197 198 1
1 209 206 208 199 196 198 1
1 207 206 203 197 196 193 1
1 202 207 203 192 197 193 1
1 205 204 209 195 194 199 1
1 208 205 209 198 195 199 1
1 210 211 212 200 201 202 1
1 213 210 212 203 200 202 1
1 214 215 211 204 205 201 1
1 210 214 211 200 204 201 1
1 216 217 215 206 207 205 1
1 214 216 215 204 206 205 1
1 213 212 217 203 202 207 1
1 216 213 217 206 203 207 1
1 218 210 213 208 200 203 1
1 219 218 213 209 208 203 1
1 220 214 210 210 204 200 1
1 218 220 210 208 210 200 1
1 221 216 214 211 206 204 1
1 220 221 214 210 211 204 1
1 219 213 216 209 203 206 1
1 221 219 216 211 209 206 1
1 222 218 219 212 208 209 1
1 223 222 219 213 212 209 1
1 224 220 218 214 210 208 1
1 222 224 218 212 214 208 1
1 225 221 220 215 211 210 1
1 224 225 220 214 215 210 1
1 223 219 221 213 209 211 1
1 225 223 221 215 213 211 1
1 226 222 223 216 212 213 1
1 226 224 222 216 214 212 1
1 226 225 224 216 215 214 1
1 226 223 225 216 213 215 1
1 227 228 229 217 218 219 1
1 230 227 229 220 217 219 1
1 231 232 233 221 222 223 1
1 234 231 233 224 221 223 1
1 232 231 228 222 221 218 1
1 227 232 228 217 222 218 1
1 230 229 234 220 219 224 1
1 233 230 234 223 220 224 1
1 235 236 237 225 226 227 1
1 238 235 237 228 225 227 1
1 239 240 236 229 230 226 1
1 235 239 236 225 229 226 1
1 241 242 240 231 232 230 1
1 239 241 240 229 231 230 1
1 238 237 242 228 227 232 1
1 241 238 242 231 228 232 1
1 243 235 238 233 225 228 1
1 244 243 238 234 233 228 1
1 245 239 235 235 229 225 1
1 243 245 235 233 235 225 1
1 246 241 239 236 231 229 1
1 245 246 239 235 236 229 1
1 244 238 241 234 228 231 1
1 246 244 241 236 234 231 1
1 247 243 244 237 233 234 1
1 248 247 244 238 237 234 1
1 249 245 243 239 235 233 1
1 247 249 243 237 239 233 1
1 250 246 245 240 236 235 1
1 249 250 245 239 240 235 1
1 248 244 246 238 234 236 1
1 250 248 246 240 238 236 1
1 251 247 248 241 237 238 1
1 251 249 247 241 239 237 1
1 251 250 249 241 240 239 1
1 251 248 250 241 238 240 1
1 252 253 254 242 243 244 1
1 255 252 254 245 242 244 1
1 256 257 258 246 247 248 1
1 259 256 258 249 246 248 1
1 257 256 253 247 246 243 1
1 252 257 253 242 247 243 1
1 255 254 259 245 244 249 1
1 258 255 259 248 245 249 1
1 260 261 262 250 251 252 1
1 263 260 262 253 250 252 1
1 264 265 261 254 255 251 1
1 260 264 261 250 254 251 1
1 266 267 265 256 257 255 1
1 264 266 265 254 256 255 1
1 263 262 267 253 252 257 1
1 266 263 267 256 253 257 1
1 268 260 263 258 250 253 1
1 269 268 263 259 258 253 1
1 270 264 260 260 254 250 1
1 268 270 260 258 260 250 1
1 271 266 264 261 256 254 1
1 270 271 264 260 261 254 1
1 269 263 266 259 253 256 1
1 271 269 266 261 259 256 1
1 272 268 269 262 258 259 1
1 273 272 269 263 262 259 1
1 274 270 268 264 260 258 1
1 272 274 268 262 264 258 1
1 275 271 270 265 261 260 1
1 274 275 270 264 265 260 1
1 273 269 271 263 259 261 1
1 275 273 271 265 263 261 1
1 276 272 273 266 262 263 1
1 276 274 272 266 264 262 1
1 276 275 274 266 265 264 1
1 276 273 275 266 263 265 1
1 277 278 279 267 268 269 1
1 280 277 279 270 267 269 1
1 281 282 283 271 272 273 1
1 284 281 283 274 271 273 1
1 282 281 278 272 271 268 1
1 277 282 278 267 272 268 1
1 280 279 284 270 269 274 1
1 283 280 284 273 270 274 1
1 285 286 287 275 276 277 1
1 288 285 287 278 275 277 1
1 289 290 286 279 280 276 1
1 285 289 286 275 279 276 1
1 291 292 290 281 282 280 1
1 289 291 290 279 281 280 1
1 288 287 292 278 277 282 1
1 291 288 292 281 278 282 1
1 293 285 288 283 275 278 1
1 294 293 288 284 283 278 1
1 295 289 285 285 279 275 1
1 293 295 285 283 285 275 1
1 296 291 289 286 281 279 1
1 295 296 289 285 286 279 1
1 294 288 291 284 278 281 1
1 296 294 291 286 284 281 1
1 297 293 294 287 283 284 1
1 298 297 294 288 287 284 1
1 299 295 293 289 285 283 1
1 297 299 293 287 289 283 1
1 300 296 295 290 286 285 1
1 299 300 295 289 290 285 1
1 298 294 296 288 284 286 1
1 300 298 296 290 288 286 1
1 301 297 298 291 287 288 1
1 301 299 297 291 289 287 1
1 301 300 299 291 290 289 1
1 301 298 300 291 288 290 1
1 302 303 304 292 293 294 1
1 305 302 304 295 292 294 1
1 306 307 308 296 297 298 1
1 309 306 308 299 296 298 1
1 307 306 303 297 296 293 1
1 302 307 303 292 297 293 1
1 305 304 309 295 294 299 1
1 308 305 309 298 295 299 1
1 310 311 312 300 301 302 1
1 313 310 312 303 300 302 1
1 314 315 311 304 305 301 1
1 310 314 311 300 304 301 1
1 316 317 315 306 307 305 1
1 314 316 315 304 306 305 1
1 313 312 317 303 302 307 1
1 316 313 317 306 303 307 1
1 318 310 313 308 300 303 1
1 319 318 313 309 308 303 1
1 320 314 310 310 304 300 1
1 318 320 310 308 310 300 1
1 321 316 314 311 306 304 1
1 320 321 314 310 311 304 1
1 319 313 316 309 303 306 1
1 321 319 316 311 309 306 1
1 322 318 319 312 308 309 1
1 323 322 319 313 312 309 1
1 324 320 318 314 310 308 1
1 322 324 318 312 314 308 1
1 325 321 320 315 311 310 1
1 324 325 320 314 315 310 1
1 323 319 321 313 309 311 1
1 325 323 321 315 313 311 1
1 326 322 323 316 312 313 1
1 326 324 322 316 314 312 1
1 326 325 324 316 315 314 1
1 326 323 325 316 313 315 1
1 327 328 329 317 318 319 1
1 330 327 329 320 317 319 1
1 331 332 333 321 322 323 1
1 334 331 333 324 321 323 1
1 332 331 328 322 321 318 1
1 327 332 328 317 322 318 1
1 330 329 334 320 319 324 1
1 333 330 334 323 320 324 1
1 335 336 337 325 326 327 1
1 338 335 337 328 325 327 1
1 339 340 336 329 330 326 1
1 335 339 336 325 329 326 1
1 341 342 340 331 332 330 1
1 339 341 340 329 331 330 1
1 338 337 342 328 327 332 1
1 341 338 342 331 328 332 1
1 343 335 338 333 325 328 1
1 344 343 338 334 333 328 1
1 345 339 335 335 329 325 1
1 343 345 335 333 335 325 1
1 346 341 339 336 331 329 1
1 345 346 339 335 336 329 1
1 344 338 341 334 328 331 1
1 346 344 341 336 334 331 1
1 347 343 344 337 333 334 1
1 348 347 344 338 337 334 1
1 349 345 343 339 335 333 1
1 347 349 343 337 339 333 1
1 350 346 345 340 336 335 1
1 349 350 345 339 340 335 1
1 348 344 346 338 334 336 1
1 350 348 346 340 338 336 1
1 351 347 348 341 337 338 1
1 351 349 347 341 339 337 1
1 351 350 349 341 340 339 1
1 351 348 350 341 338 340 1
1 352 353 354 342 343 344 1
1 355 352 354 345 342 344 1
1 356 357 358 346 347 348 1
1 359 356 358 349 346 348 1
1 357 356 353 347 346 343 1
1 352 357 353 342 347 343 1
1 355 354 359 345 344 349 1
1 358 355 359 348 345 349 1
1 360 361 362 350 351 352 1
1 363 360 362 353 350 352 1
1 364 365 361 354 355 351 1
1 360 364 361 350 354 351 1
1 366 367 365 356 357 355 1
1 364 366 365 354 356 355 1
1 363 362 367 353 352 357 1
1 366 363 367 356 353 357 1
1 368 360 363 358 350 353 1
1 369 368 363 359 358 353 1
1 370 364 360 360 354 350 1
1 368 370 360 358 360 350 1
1 371 366 364 361 356 354 1
1 370 371 364 360 361 354 1
1 369 363 366 359 353 356 1
1 371 369 366 361 359 356 1
1 372 368 369 362 358 359 1
1 373 372 369 363 362 359 1
1 374 370 368 364 360 358 1
1 372 374 368 362 364 358 1
1 375 371 370 365 361 360 1
1 374 375 370 364 365 360 1
1 373 369 371 363 359 361 1
1 375 373 371 365 363 361 1
1 376 372 373 366 362 363 1
1 376 374 372 366 364 362 1
1 376 375 374 366 365 364 1
1 376 373 375 366 363 365 1

Materials: 1
"Untitled"
0.200000 0.200000 0.200000 1.000000
0.800000 0.800000 0.800000 1.000000
0.000000 0.000000 0.000000 1.000000
0.000000 0.000000 0.000000 1.000000
0.000000
1.000000
"plant01a.jpg"
""

Bones: 0
GroupComments: 0
MaterialComments: 0
BoneComments: 0
ModelComment: 0
